130 129 128 127 126 125 124 123 122 121 120 119 118 117 116 115 114 113 112 111 110 109 108 107 106 105 104 103 102 101 100 99 98 97 96 95 94 93 92 91 90 89 88 87 86 85 84 83 82 81 80 79 78 77 76 75 74 73 72 71 70 69 68 67 66 65 66 67 68 69 70 71 72 73 74 75 76 77 78 79 80 81 82 83 84 85 86 87 88 89 90 91 92 93 94 95 96 97 98 99 100 101 102 103 104 105 106 107 108 109 110 111 112 113 114 115 116 117 118 119 120 121 122 123 124 125 126 127 128 129 130 
129 128 127 126 # 124 123 122 121 120 119 118 117 116 115 114 113 112 # 110 109 108 107 106 105 104 103 102 101 100 99 98 97 96 # 94 93 92 91 90 89 88 # 86 85 84 83 82 81 80 79 78 77 # 75 74 73 72 71 70 69 68 67 66 65 64 65 66 67 68 69 70 # # 75 74 75 76 77 78 79 80 81 82 # 84 85 86 87 88 # 90 91 92 93 94 95 96 97 98 99 100 101 102 103 104 105 106 107 # # 110 111 112 # 114 115 116 # 118 119 120 121 122 123 124 125 126 127 # 129 
128 127 126 125 124 123 122 121 120 119 118 117 116 115 114 # 112 111 110 109 108 107 # 105 104 103 102 101 100 99 98 # 96 95 94 93 92 91 90 # 88 87 86 85 84 83 82 81 # 79 78 77 76 75 74 73 72 71 70 69 68 67 66 65 64 63 64 65 66 67 68 69 70 71 # 73 74 75 76 77 # 79 80 81 82 83 84 85 86 # 88 89 90 91 92 93 94 95 # 97 98 99 # 101 102 103 104 # 106 107 108 109 # 111 112 113 114 115 116 117 118 119 # 121 122 123 124 # # 127 128 
127 126 # 124 123 122 121 120 119 118 117 # 115 114 113 112 111 110 109 110 # 106 # # 103 102 101 100 99 98 97 96 # 94 93 92 91 # 89 88 87 # 85 84 83 82 81 80 79 78 77 76 75 74 73 72 71 70 69 68 67 66 65 64 63 62 63 64 65 66 67 68 69 70 71 72 73 74 75 # 77 78 79 80 81 82 83 84 85 86 87 88 89 90 91 92 # 94 # 96 97 98 # 100 101 # 105 106 105 106 107 108 109 110 111 112 113 114 115 116 117 118 119 120 121 122 # 124 125 126 127 
126 125 124 123 122 121 120 119 118 117 116 115 114 113 112 111 110 109 108 # 106 105 104 103 102 101 100 99 98 97 96 95 94 # 92 91 90 89 88 87 86 85 # 83 82 81 80 79 # 77 76 75 74 73 72 71 72 # 68 67 66 65 64 63 62 61 62 63 64 65 66 67 68 69 70 71 72 73 74 75 76 77 78 # 82 81 82 83 84 85 86 # 88 89 90 # 92 93 94 95 96 97 98 99 100 # 106 105 104 105 106 107 108 109 110 111 112 # 114 115 116 117 118 119 120 121 122 123 124 # 126 
125 124 123 # # 120 # 118 117 116 115 # 113 112 111 # 109 # 107 106 # 104 103 102 101 # 99 98 97 96 95 94 93 # # 90 89 # 87 86 85 84 83 # 83 82 # 78 77 # 75 74 73 72 71 70 # 68 67 66 65 64 63 62 # 60 61 62 63 64 65 66 67 68 # 70 # 72 73 74 75 76 77 78 # 80 81 82 83 # 87 86 87 88 89 90 91 92 # 94 95 96 97 98 # 100 # 104 103 104 # 106 107 108 109 110 111 112 113 114 115 116 117 118 119 120 121 # 123 124 125 
124 123 122 121 120 119 118 117 116 115 114 113 # 111 110 109 108 # 106 105 104 103 102 101 100 99 98 # 96 # 94 93 92 91 90 89 88 87 86 85 84 83 82 81 # # 78 77 76 75 74 73 72 71 70 69 68 67 66 65 64 63 62 61 60 59 60 61 62 63 64 65 66 67 68 69 70 71 72 73 # 75 # 77 78 79 80 81 82 83 # 85 # 87 88 89 90 91 92 93 94 95 96 # 98 99 100 # 102 103 # 105 # 107 108 109 110 111 112 # # 115 116 # 118 119 120 121 122 123 124 
123 122 121 120 119 118 117 116 115 114 113 112 111 110 109 108 107 106 # 104 103 102 # # 99 98 97 96 95 94 93 92 91 90 89 90 # 86 85 84 83 82 # 80 79 78 77 76 # 74 73 72 71 70 # 68 67 66 65 64 63 62 61 60 59 58 59 60 61 62 63 64 65 66 67 68 69 # 71 72 # 74 75 76 77 78 79 80 81 82 83 84 85 86 87 88 89 90 91 92 93 94 95 96 97 98 99 100 101 102 # 104 105 106 107 # # 110 111 # 113 114 115 # 117 # 119 120 121 122 123 
122 121 120 119 118 117 116 115 114 113 112 111 # 109 108 107 106 105 104 103 102 101 100 99 98 97 # 95 94 93 92 91 90 89 88 89 # 85 84 83 82 81 80 79 78 77 76 75 74 73 72 71 70 69 68 67 66 65 64 63 62 # # 59 58 57 58 59 60 61 62 63 64 65 66 67 68 # 70 # 72 73 74 75 # 79 78 79 80 81 82 83 84 85 86 87 88 89 # 91 92 93 94 95 96 97 98 99 100 # 102 103 104 105 106 # 108 109 110 111 112 113 114 115 116 117 118 119 120 121 122 
121 120 119 118 117 116 115 114 113 112 111 110 109 108 107 106 # 104 105 # 101 100 99 # # 96 95 94 93 92 91 90 89 # 87 88 89 # 83 82 81 80 79 78 77 76 75 74 73 72 # 70 69 68 67 66 65 64 63 62 61 60 59 58 57 56 57 58 59 # 61 62 63 64 65 66 67 68 69 # 71 72 73 74 75 # 77 78 79 80 81 82 83 84 85 86 87 88 89 90 # 92 93 94 95 # 97 98 99 100 101 102 103 104 105 106 107 108 109 110 111 112 # 114 115 116 117 118 119 120 121 
120 # 118 117 118 # 114 113 112 # 110 109 # 107 # 105 104 103 # 101 100 99 98 97 96 95 94 93 92 91 92 # 88 87 86 87 # 83 82 # 82 # 78 77 76 75 74 73 72 71 70 # 68 67 66 65 64 63 62 61 60 59 58 57 # 55 # 57 # 59 60 # 62 63 64 65 66 67 68 69 70 71 72 73 74 75 76 77 78 79 # 81 # # 84 85 86 87 # 89 90 91 92 93 94 95 96 97 98 99 100 101 # 105 104 105 106 107 108 109 110 111 112 113 114 115 116 117 118 119 120 
119 118 117 116 # 114 113 # 111 110 109 108 # 106 105 104 103 102 101 # 99 98 # 96 95 # # 92 91 90 # 88 # 86 85 # 83 82 81 # # 78 77 76 75 74 73 72 71 70 69 68 67 66 65 64 63 62 61 60 59 58 57 56 55 54 # 56 57 58 59 60 61 62 63 64 65 66 67 68 69 70 71 72 73 74 # 76 77 78 79 80 81 82 83 84 85 # 87 88 # 90 91 92 93 94 95 96 # 98 99 100 # # 103 104 105 106 107 # 111 110 111 112 113 # 117 118 119 120 119 
118 117 116 115 114 113 112 111 110 109 108 107 106 105 104 103 102 101 100 99 # 97 96 95 94 93 92 91 90 89 88 87 86 85 84 83 82 81 80 79 78 77 76 75 74 73 72 # # 69 68 67 66 65 64 63 62 61 60 59 58 57 56 55 54 53 54 55 56 57 58 59 60 61 62 63 64 65 66 67 68 # 70 71 72 73 74 75 76 77 78 79 80 81 82 83 84 85 86 87 88 89 90 # 92 93 94 95 96 97 98 99 100 101 102 103 104 105 106 107 # 109 110 111 112 113 # 119 # # 118 
117 116 115 114 113 112 111 110 109 108 107 106 105 104 # 102 101 100 99 98 97 96 95 94 93 92 91 90 89 # 87 86 # 86 85 # 81 80 79 78 77 76 75 # 73 72 71 70 # 68 67 66 65 64 63 62 61 60 59 58 57 56 55 54 53 52 53 54 55 56 57 58 59 60 61 62 63 64 65 66 67 68 69 70 71 # 73 74 75 76 77 78 79 80 81 # 83 84 85 86 87 88 89 90 91 92 # 94 # 96 97 98 99 100 101 102 103 104 105 106 107 108 109 110 # 114 # # 119 118 117 
116 115 114 113 112 111 110 109 # 107 106 105 104 103 102 # 100 # 98 97 96 95 94 93 92 93 92 # 88 87 86 85 86 87 86 # 80 79 78 77 76 75 74 73 72 71 # 69 68 67 66 65 64 63 62 61 60 59 58 57 56 55 54 53 52 51 52 53 54 55 56 57 58 59 60 61 62 63 64 65 66 67 68 69 70 71 72 73 74 75 76 77 78 79 80 81 82 83 84 85 86 87 88 89 90 91 92 93 94 95 96 97 98 # 100 101 102 103 104 105 106 107 # 109 110 # 112 113 # 117 116 
115 114 113 112 111 110 109 108 107 106 105 104 103 102 101 100 99 # 97 96 95 94 93 92 91 # # 88 87 86 85 84 85 86 # # 79 78 77 76 75 74 # 72 71 70 69 68 67 66 65 64 63 62 61 60 59 58 57 56 57 # 53 52 # 50 51 52 53 54 55 56 # 58 59 60 61 62 63 64 65 66 67 68 69 70 71 72 73 74 75 76 77 # 79 80 81 82 # 86 85 86 87 88 89 90 91 92 93 94 95 # 97 98 99 100 101 102 103 # 105 106 107 108 109 110 111 # 113 # 115 
114 113 112 111 110 # # 107 106 105 104 103 102 101 # 99 98 97 96 95 94 # 92 91 90 # 88 # 86 85 84 83 # 87 88 # 78 77 76 75 74 73 72 71 70 69 68 67 66 65 64 63 62 # 60 # 58 57 56 55 # 53 52 51 50 49 # 51 52 53 54 55 56 57 58 59 60 61 62 63 64 65 66 67 68 69 70 71 72 73 74 75 76 77 78 79 # 81 82 # 84 85 86 87 88 89 90 91 92 # 94 # 96 97 98 99 100 101 102 103 104 105 106 107 108 109 110 111 112 # 114 
113 112 111 110 109 108 107 106 105 104 103 102 101 100 99 98 97 96 95 94 93 92 91 # 89 88 87 86 85 # 83 82 81 # # 78 77 76 # # 73 72 71 70 69 68 67 66 65 64 63 62 61 60 59 58 57 56 55 54 53 52 51 50 49 48 49 50 51 52 53 54 55 56 # 58 59 60 61 62 63 64 65 66 67 68 69 70 71 72 73 74 75 76 77 # # 80 81 82 83 # # 88 87 88 89 90 91 92 93 94 95 # 97 98 # 102 101 102 103 104 105 106 107 108 109 110 111 112 113 
112 # 110 109 108 107 106 105 104 # 102 101 100 99 # # 96 95 94 93 94 # 90 89 88 87 86 85 84 83 # 81 80 79 78 77 76 75 74 73 72 71 70 69 68 67 66 65 64 63 62 61 60 59 58 57 56 55 54 53 52 # 50 49 48 47 48 # 52 53 52 53 # 55 56 57 58 59 60 61 62 63 64 65 66 67 68 69 70 71 72 73 74 75 # 77 78 79 80 81 82 83 84 # 86 87 # 89 90 # 92 93 94 95 96 97 98 # 100 # 102 103 104 105 # 107 108 109 110 # 112 
111 110 109 108 # 108 107 # 103 102 101 100 99 98 97 96 95 94 93 92 # 90 89 88 87 86 85 84 83 82 # 80 79 78 77 76 75 74 73 72 71 70 69 68 67 66 65 64 63 62 61 60 59 58 57 56 55 54 # 52 51 50 49 48 47 46 47 48 # # 51 52 53 54 # 56 57 # 61 60 61 62 63 64 65 66 67 68 69 70 71 72 73 74 75 76 77 # 79 80 81 82 83 84 85 86 87 88 89 90 91 92 # 94 95 96 97 98 99 100 101 # 103 104 105 106 107 108 # # 111 
110 109 108 107 108 109 # # 102 101 100 99 98 97 96 95 94 93 92 91 90 89 88 87 86 # 84 83 # 81 80 79 78 77 76 75 74 73 72 71 70 69 68 67 66 65 64 63 62 61 # 59 58 57 56 55 54 53 52 51 50 49 48 47 46 45 46 47 48 49 50 51 52 53 54 55 56 57 # 59 60 61 62 63 64 65 66 67 68 69 70 71 72 73 74 75 76 77 78 79 80 81 82 83 # 85 86 87 88 89 90 91 92 93 94 95 96 97 98 99 100 101 102 103 # 105 106 107 108 109 110 
109 108 107 106 107 # 103 102 101 # # 98 97 96 95 94 93 92 91 92 # 88 87 86 85 84 83 82 81 # 79 # # 76 75 74 73 # # # 69 68 67 66 65 64 63 62 61 60 59 58 57 56 55 54 53 52 # 50 49 48 47 46 45 44 45 # 47 48 49 50 51 52 53 54 55 56 57 58 59 60 61 62 63 64 65 66 67 68 69 70 71 72 # 74 # # # # 81 80 81 82 83 84 85 86 87 88 89 90 91 92 93 94 # 96 97 98 99 100 # 102 103 104 # 106 107 108 109 
108 # 106 105 106 107 # 101 100 101 # 97 96 95 94 93 92 91 90 # 88 87 86 85 # 83 82 81 80 79 78 77 76 75 74 73 72 73 # 69 68 67 66 65 64 63 62 61 60 59 58 57 56 55 54 # 52 51 50 49 48 47 46 45 44 43 44 45 46 47 48 49 50 # # 53 54 55 # 57 58 59 60 # 62 63 64 65 66 67 68 69 70 71 72 73 74 75 76 77 # 79 80 # 82 83 84 # 86 87 88 89 90 # 92 93 94 95 96 97 98 99 100 101 102 103 # 105 106 107 108 
107 106 105 104 # # 101 # 99 # 97 96 95 94 93 # 91 90 89 88 87 86 # 84 83 82 81 80 79 78 # # 75 74 73 72 71 # 69 68 67 66 65 64 63 62 61 60 # 58 57 56 55 54 53 52 51 # 49 48 47 46 45 44 43 42 43 44 45 46 47 48 # 52 51 52 # 54 55 56 57 # 59 60 61 62 63 64 65 66 67 68 69 70 71 72 73 74 75 # 77 78 79 80 81 # 83 84 85 86 # 88 89 90 91 92 93 94 95 96 97 98 99 100 101 102 103 104 105 106 107 
106 105 104 103 102 # 100 99 98 97 96 95 94 93 92 91 90 89 88 89 # 85 # # 82 81 # 79 78 77 76 75 74 73 # 71 70 69 68 67 66 65 64 63 62 # # 59 58 57 56 55 54 53 52 51 50 49 48 47 46 45 44 43 42 41 42 43 44 45 46 47 48 # 50 # 52 53 54 55 56 57 58 59 60 # 62 63 64 65 66 67 68 69 70 71 # 73 74 75 76 # # 79 80 81 82 # 84 85 86 87 88 89 90 91 92 # 94 # 96 97 98 99 100 101 102 103 104 105 106 
105 104 103 102 101 # 99 100 # 96 95 94 93 92 91 90 89 # 87 # 85 84 83 82 81 80 79 78 77 76 # 74 73 72 # 70 69 68 67 66 65 64 63 62 61 60 59 58 57 56 55 54 # 52 51 50 49 48 47 46 45 44 43 42 # 40 41 42 43 44 # 46 47 48 49 50 51 52 53 54 55 56 57 58 59 60 61 62 63 64 65 66 67 68 69 70 # 72 # 76 75 76 77 78 79 80 81 82 83 84 85 # 87 88 89 90 91 92 93 94 95 96 97 98 99 100 101 102 103 104 105 
104 103 102 101 100 99 98 # 96 95 94 93 92 91 90 89 88 87 86 # 84 83 82 81 80 79 78 77 76 75 # 73 72 71 70 69 68 67 66 65 64 63 62 61 60 59 58 57 56 55 54 53 52 # 50 49 48 47 46 45 44 43 42 41 40 39 40 41 42 43 44 45 46 47 48 49 50 51 # # 56 55 56 57 58 # # 61 62 63 64 65 66 67 68 69 70 71 72 # 74 75 76 77 78 79 80 81 # 83 84 85 86 87 88 89 90 91 92 93 94 95 96 97 98 99 100 # # 105 104 
103 102 101 100 # 98 97 96 95 94 93 92 91 90 89 88 87 86 85 84 83 82 81 80 79 78 77 76 75 74 73 72 71 70 69 68 67 66 65 64 63 62 61 60 59 # 57 56 # 54 53 52 51 50 49 48 47 46 45 44 43 42 41 40 39 38 39 40 41 42 # 44 45 46 # 50 # 50 51 52 # 54 55 56 57 58 59 60 61 62 63 64 65 66 67 68 69 70 71 72 73 74 75 # 77 78 79 # 81 82 83 84 # 86 87 88 89 90 91 92 93 94 95 96 97 98 99 100 101 # 103 
102 101 100 99 # 97 # # 94 93 92 91 90 89 # 87 86 85 84 83 82 81 80 # 78 77 76 75 74 73 72 71 70 69 68 67 66 65 64 63 62 61 60 59 58 # 56 55 54 53 52 51 50 49 50 # 46 45 44 43 42 41 40 39 38 37 38 39 40 41 42 43 44 45 46 # 48 49 50 # 52 53 54 55 # 57 # 59 60 61 62 63 64 65 66 67 68 69 70 71 72 # # # 76 77 78 79 80 81 82 83 84 85 86 87 88 89 90 91 92 93 # # # 97 98 99 100 101 102 
101 102 # 98 97 96 95 94 93 92 91 90 89 88 # 86 85 84 83 82 # 80 79 78 77 # 75 74 # 72 # 70 69 68 67 66 65 64 63 62 61 62 61 # 57 56 55 54 53 52 51 50 49 48 49 # 45 44 43 42 41 40 39 38 # 36 37 38 39 40 # 42 # 46 45 46 47 48 49 50 51 52 53 54 55 56 57 58 59 60 61 62 63 64 65 66 67 68 69 70 71 72 73 74 75 # 77 78 79 80 81 82 83 # # 86 87 88 89 # # 92 93 94 95 96 97 98 99 100 101 
100 101 102 # # 95 # # # 91 90 89 88 87 86 85 84 83 82 81 80 79 78 77 76 75 74 73 72 71 # 69 68 67 66 65 64 63 62 61 60 61 62 # 56 55 54 53 52 # 50 49 # 47 # 45 44 43 42 41 40 39 38 37 36 35 36 37 38 # # 41 42 # 44 # # 49 50 # 52 51 52 53 54 # 56 57 58 59 60 61 62 63 64 65 66 67 68 69 70 71 72 73 74 # 76 # 78 79 80 81 82 83 # 85 86 87 88 # 90 91 92 93 94 95 96 97 98 99 100 
99 # # 96 95 94 93 # 91 90 89 88 87 86 85 84 83 82 81 80 # 78 77 78 77 # 73 72 71 70 69 68 67 66 65 64 63 62 61 # 59 60 61 # 55 # 53 52 51 50 49 48 47 46 45 44 43 42 41 # 39 38 # # 35 34 35 36 37 38 39 40 41 42 43 44 45 # 51 52 51 50 51 52 53 54 55 56 57 58 59 60 61 62 63 64 65 66 67 68 # # 71 # # 74 75 76 77 78 79 80 81 82 83 84 85 86 87 88 89 90 91 # 93 94 # 96 97 98 99 
98 97 96 # 94 93 92 91 90 # # 87 86 85 84 83 82 81 80 79 # 77 76 # # 73 72 71 70 69 68 67 66 65 64 63 62 61 60 # 58 59 # 55 54 53 52 51 50 49 48 # # 45 44 # 42 # 40 39 38 37 36 35 34 33 34 35 36 37 38 39 40 41 # 43 44 45 # 53 # 49 # 51 52 53 54 # 56 57 58 59 60 61 62 63 64 65 66 67 68 69 70 71 72 73 # 75 76 77 78 79 80 81 82 83 84 85 86 87 88 # 92 91 92 93 94 95 96 97 98 
97 96 95 94 93 92 91 90 89 88 # 86 85 84 85 # 81 # 79 78 77 76 75 # 73 72 71 70 69 68 67 66 65 64 63 62 61 60 59 58 57 # 55 54 55 # 51 50 49 48 47 46 45 44 43 42 41 40 # 40 # 36 35 34 33 32 33 # 35 36 37 38 39 40 41 42 43 44 45 # 47 48 49 50 51 52 53 54 55 56 # # 59 60 # 62 63 64 65 66 67 68 69 70 71 72 73 74 75 76 # 78 79 80 # 82 83 84 # # 87 88 # 90 # 92 93 94 95 96 97 
96 95 94 93 92 91 90 89 88 87 86 85 84 83 # 81 80 79 78 77 76 75 74 73 72 71 70 69 68 67 66 65 64 63 64 63 # 59 58 57 56 # 54 53 # 51 # # 48 47 46 # 44 43 42 41 40 39 38 # . # 34 33 # 31 32 33 34 35 # 39 38 39 40 41 42 43 44 45 46 47 48 49 50 51 52 53 54 # 56 57 58 59 60 61 62 63 64 65 66 67 68 69 70 71 # 73 74 75 76 77 78 79 80 81 82 83 84 85 86 87 88 89 90 91 92 93 94 95 96 
95 94 93 92 91 90 # 88 # 86 85 84 83 82 81 80 # 78 77 76 75 74 # 72 71 70 69 68 67 66 65 64 63 62 # # 59 58 57 56 55 54 53 52 51 50 49 48 47 46 45 44 43 # 41 40 39 38 37 36 # 34 33 32 31 30 31 32 33 # 35 # 37 38 39 40 41 42 43 44 # 46 47 48 49 50 51 52 53 54 55 # 59 60 # # 61 62 63 64 65 66 67 68 69 # 71 72 73 # 75 76 77 78 79 80 81 # 83 84 # 86 87 88 89 90 91 92 93 94 95 
94 93 92 91 90 89 88 87 86 85 84 83 82 81 80 79 78 77 76 75 74 73 72 71 # 69 68 67 66 65 64 63 62 61 60 # 58 57 # 55 54 53 52 51 50 49 48 47 46 45 44 43 42 41 40 39 38 # 36 35 34 33 32 31 30 29 30 31 32 33 34 35 36 37 38 39 40 # 42 43 # 45 46 # # 49 50 51 # # 56 57 # 59 58 59 60 61 62 63 64 65 66 67 68 69 70 71 72 73 74 75 # 77 78 79 80 81 82 83 84 85 86 87 88 89 # 91 92 93 94 
93 92 91 90 89 88 87 86 85 84 83 82 81 80 81 # 77 76 75 # 73 72 71 70 69 68 67 66 65 64 63 62 61 60 59 58 57 56 55 54 53 52 # 50 49 48 49 # 45 44 43 # 41 40 39 38 37 36 35 34 33 32 31 30 29 28 # # 33 32 33 34 # 38 37 38 39 40 41 # 43 44 45 46 47 48 # 50 51 52 # 56 55 # 57 58 59 60 61 62 63 64 65 66 67 68 69 70 71 72 73 74 75 76 77 78 79 80 81 82 83 84 85 86 87 88 89 90 91 92 93 
92 91 90 89 88 89 # 85 84 83 # 81 80 79 # # # 75 74 # 72 71 # 69 68 67 66 65 64 63 62 61 60 59 58 57 56 55 54 53 52 51 # 49 48 47 # 45 # 43 42 41 40 39 38 37 36 35 34 35 34 # 30 29 28 27 28 29 # 31 32 33 # # 36 37 38 39 # 41 42 43 44 45 46 47 48 49 # 53 54 # 54 55 56 57 58 # 60 61 62 63 64 65 66 67 68 # 70 # 72 73 74 75 76 77 78 79 # # 82 83 84 85 86 87 88 89 90 91 92 
91 # 89 88 87 # 85 84 83 82 81 80 79 78 77 76 75 74 73 72 71 70 69 68 67 66 65 64 63 62 63 # # 60 59 # # 54 53 52 51 50 49 48 47 46 45 44 43 42 41 40 39 # 37 36 35 34 33 # # 30 # 28 27 26 # 28 29 30 31 32 33 34 35 # 37 38 39 40 41 # 43 44 # 46 47 48 49 # # 52 53 54 55 56 57 58 59 60 # 64 63 64 65 66 67 68 69 70 71 72 73 74 75 76 77 78 79 # 81 82 # 84 85 86 87 88 89 90 91 
90 89 # 87 86 85 84 83 82 # 80 79 78 77 76 75 74 73 72 # 70 69 68 67 66 65 64 63 62 61 # # 58 59 # 55 54 53 52 51 50 # # 47 # 45 44 43 42 41 40 39 38 37 36 35 34 33 32 31 30 29 28 27 26 25 26 27 28 29 30 31 32 33 34 35 36 37 38 39 40 41 42 43 44 45 46 47 48 49 50 51 52 # 54 55 56 57 58 59 60 # 62 63 64 65 66 67 68 69 70 71 72 73 74 75 76 77 78 79 80 81 82 83 84 85 86 # 90 # 90 
89 88 87 86 85 84 # 82 81 80 79 # 77 76 # 74 # 72 71 # 69 68 67 66 65 64 63 62 61 60 59 58 57 # 55 54 53 52 51 50 49 48 47 46 45 44 43 42 # 40 39 38 37 36 35 34 33 32 # 30 29 28 27 26 25 24 25 # 27 28 29 30 31 # 35 # 35 36 # 38 39 40 41 42 43 # 45 # 47 48 49 50 51 52 53 54 55 56 57 58 59 60 61 62 63 64 65 66 67 68 69 70 71 # 75 76 77 76 77 78 79 80 81 82 83 84 85 86 # 88 89 
88 87 86 85 84 83 82 81 80 79 78 77 76 75 74 73 72 71 70 69 68 67 66 65 64 63 62 61 60 59 58 57 56 55 54 53 52 51 50 49 48 # 46 45 44 43 42 41 40 39 # 37 36 35 34 33 32 31 30 29 28 27 26 25 24 23 24 25 26 # 28 29 30 # # 33 34 35 36 37 38 39 # 41 42 43 44 45 46 47 48 49 50 # 52 53 54 55 56 57 58 59 # 61 62 63 64 65 66 67 68 69 70 # 76 77 # 75 76 77 78 79 80 81 82 83 84 85 86 87 88 
87 86 # 84 83 82 81 80 79 78 77 76 75 # 73 72 71 70 69 68 67 66 65 64 63 62 61 60 59 58 57 56 55 54 53 52 51 50 49 48 47 46 # 44 43 42 # 40 39 38 37 36 # 34 33 32 31 # 29 28 27 26 25 24 23 22 23 24 25 26 27 28 29 30 31 32 # 34 35 36 37 38 39 40 41 42 43 44 45 46 47 48 49 50 51 52 53 54 55 # 57 # 59 60 61 62 63 64 65 66 67 68 # 70 # # 73 74 75 76 77 78 # 80 81 82 # 84 85 86 87 
86 85 84 83 82 81 80 79 78 77 76 75 74 73 72 71 70 69 68 67 66 65 64 63 62 61 60 59 58 57 56 55 54 53 52 51 50 49 48 47 46 45 44 # 42 41 40 39 38 # 36 35 # 33 32 31 30 # 28 27 26 25 24 23 22 21 # 23 24 25 26 27 # 29 30 31 32 33 34 35 36 # 40 41 40 41 42 43 # 45 46 47 # 49 50 51 52 53 54 55 56 57 58 59 60 61 62 63 64 65 66 67 68 69 70 71 72 73 74 75 76 77 78 79 80 81 82 83 # 85 86 
85 84 # 82 83 # 79 78 77 # 75 # 73 72 71 70 69 68 67 66 65 64 63 62 61 60 59 58 57 56 # 54 # 52 51 50 49 48 47 46 45 44 43 42 41 40 # 38 37 36 35 34 33 32 31 30 29 # 27 26 25 24 # 22 21 20 21 22 # 24 25 26 27 28 29 # 31 32 33 34 35 36 # # 39 # 41 42 # 44 45 46 # 48 # # 51 52 53 54 # 58 57 58 59 60 61 62 63 64 65 66 67 68 69 70 71 72 73 74 75 # 77 78 79 80 81 # 83 84 85 
84 83 # 81 82 # # 77 76 75 74 73 72 71 70 69 68 67 66 65 64 63 62 61 60 59 58 57 56 55 54 53 52 # 50 49 48 47 46 45 44 43 # 41 40 39 38 # 36 35 34 33 32 31 30 29 28 27 # 25 24 23 22 21 20 19 20 # 22 23 24 25 26 27 28 29 30 31 # 33 34 # 36 # 38 39 40 41 42 43 44 45 46 47 48 49 50 51 # 53 54 # 56 57 58 59 60 61 62 63 64 65 66 67 68 69 70 71 72 73 74 75 76 77 # 79 # 81 82 83 84 
83 82 81 80 # 78 77 76 # 74 # 72 # 70 69 68 67 66 65 64 63 62 61 # 59 58 57 56 55 54 53 52 51 50 49 48 47 46 45 44 43 42 41 40 39 38 37 36 35 34 33 32 31 30 29 28 27 26 25 24 23 22 # 20 19 18 19 20 21 22 # 24 25 26 27 28 29 30 31 32 33 34 35 36 37 38 39 40 41 42 # # 45 46 # 48 49 # 51 52 53 54 55 56 57 58 59 60 61 62 63 64 65 66 67 68 # 70 71 72 73 74 # 76 77 78 79 80 81 82 83 
82 81 80 79 78 77 76 75 74 73 72 71 70 69 68 67 66 65 64 63 62 61 60 59 58 57 56 55 # 53 52 51 50 49 48 47 46 45 44 43 42 # # 39 # 37 36 35 34 33 32 31 30 29 28 27 26 25 26 # 22 21 20 19 18 17 18 # 20 # 22 23 24 # 26 27 28 29 # 33 34 33 34 35 36 37 38 39 # 41 42 43 44 # 46 47 48 49 50 51 # 53 54 55 56 57 58 59 60 61 62 63 64 65 66 67 68 69 70 71 72 73 74 75 76 # 78 79 80 81 82 
81 80 # 78 77 76 75 74 73 72 71 72 # 68 67 66 65 64 63 62 61 60 59 58 57 56 55 54 # 52 51 50 49 48 47 46 # 44 43 42 41 # 39 38 37 36 35 34 33 32 31 30 # 28 27 26 25 24 # 22 21 20 19 18 17 16 17 18 19 20 21 22 23 24 25 26 # 28 29 # 33 32 33 # # 36 # 38 39 40 41 42 43 44 45 46 47 48 49 50 51 52 53 54 55 56 57 58 59 60 61 62 63 64 65 66 67 68 69 70 71 72 73 74 75 # 77 78 79 80 81 
80 79 78 77 76 75 74 # 72 71 70 # 68 67 66 65 64 63 62 61 60 59 58 57 56 55 54 53 52 # 50 49 48 47 46 45 44 43 42 41 40 39 38 37 36 35 34 33 # 31 30 29 28 27 26 # 24 23 22 21 # 19 20 # # 15 16 17 # 19 20 21 22 23 24 25 26 27 # . # 31 # 33 34 35 36 37 38 39 40 41 42 # 46 45 46 # # 49 50 # 52 # 54 55 56 57 58 59 60 61 62 63 64 65 66 67 68 69 70 71 72 # 74 75 76 77 78 79 80 
79 78 77 76 75 74 73 72 71 70 69 68 67 66 65 64 63 62 61 60 59 58 57 56 55 # 53 52 51 50 49 48 47 46 45 44 43 42 41 # 41 40 39 38 # 34 33 32 # 32 # 28 # 26 25 24 23 # 21 20 19 18 19 # 15 14 15 16 17 18 19 20 21 22 23 24 25 26 27 # 29 30 31 32 33 34 35 36 # 38 # 42 41 42 # 44 45 # 47 48 49 50 51 52 53 54 55 56 # 58 59 60 61 62 63 64 65 66 67 68 69 # 73 72 73 74 75 76 77 78 79 
78 77 76 75 74 73 72 # # 69 68 67 66 65 64 63 62 61 60 59 60 59 # # 54 53 52 51 50 49 48 47 46 45 44 43 # 41 40 # # # 40 39 # 33 # 31 30 # 28 27 # # 24 23 22 21 # 19 18 17 # 15 14 13 14 15 16 # # 19 20 # 22 23 24 # 26 27 28 29 30 31 32 33 # 35 36 37 38 # 40 41 # 43 44 45 46 47 48 49 50 51 52 # 54 55 # 57 58 # 60 61 62 63 64 65 66 67 68 69 # 71 72 73 74 75 76 77 78 
77 78 # 74 73 72 71 70 69 68 67 66 65 64 63 62 61 # 59 58 # # 55 54 53 52 51 50 49 # 47 46 45 # 43 42 41 40 39 38 37 36 # # 33 32 31 30 29 28 27 26 25 24 23 22 21 20 19 18 17 16 15 14 13 12 13 # 15 16 17 18 19 20 21 22 23 24 25 26 27 28 29 30 31 32 # 34 35 36 37 38 39 40 41 42 43 44 # # 47 48 49 50 51 52 53 54 # 56 # 58 59 60 61 62 63 64 65 66 67 68 69 70 71 # 73 74 75 76 77 
76 # 74 73 72 # 70 69 68 67 66 65 64 63 62 61 60 59 58 57 56 55 54 53 52 51 50 49 48 47 46 45 44 43 42 # 42 # 38 37 36 35 34 33 34 # 30 29 28 27 26 25 24 23 22 21 20 19 18 17 16 15 14 13 12 11 # 13 14 15 16 17 18 19 # 21 22 23 24 25 26 27 28 29 30 # 32 33 34 35 36 37 38 39 40 41 42 43 44 45 46 47 48 49 50 # 52 53 54 55 # 57 58 59 # # 62 63 64 65 66 67 68 69 70 71 72 73 74 75 76 
75 74 73 72 71 70 69 68 67 66 65 64 63 62 61 60 59 58 # # # # 53 # 51 50 49 48 47 46 45 44 43 42 41 40 # # # 36 35 34 33 32 # 30 # # 27 26 # 24 23 22 21 20 19 18 17 16 15 14 13 12 11 10 # 12 13 14 15 16 17 18 19 20 21 22 23 24 # 26 27 # 29 30 31 32 33 34 35 36 37 38 # 40 41 42 43 44 45 46 47 48 49 50 51 52 53 54 55 56 57 58 59 60 61 62 63 64 65 66 67 68 69 70 # 72 73 # 75 
74 73 72 71 70 69 68 67 66 65 64 63 62 61 60 59 58 57 56 55 54 # 52 51 50 49 # 47 46 45 44 43 42 41 # 39 38 37 36 35 34 # 32 31 30 29 30 31 # 25 24 23 22 21 20 # 18 17 16 15 14 13 12 11 10 9 10 11 12 13 14 15 16 17 # 19 20 # 22 23 24 25 # 29 28 29 30 31 32 33 34 35 36 # 38 39 40 41 # 45 44 45 46 47 48 49 50 51 52 53 54 55 56 # 58 59 # 63 62 63 64 65 66 67 68 69 70 71 72 73 74 
73 72 71 70 69 68 67 66 65 64 63 62 63 # 59 # 57 # # 54 53 # 51 50 # 48 47 46 45 46 # 42 41 40 39 38 # # 35 34 33 32 31 30 29 28 # # 25 24 # 22 # 20 19 18 17 16 15 14 13 14 # 10 9 8 9 10 11 # 13 14 # 16 17 18 19 20 21 22 23 24 # # 27 28 29 30 31 32 # 34 35 36 37 38 39 40 41 # 43 44 45 46 47 48 49 50 51 # 53 54 55 # 57 58 59 # 61 62 63 64 65 66 67 68 69 70 71 72 73 
72 # 70 69 68 67 66 65 64 63 62 61 # 59 58 # 56 55 54 53 52 51 50 49 48 # 46 45 44 # 42 43 # # 38 37 36 35 34 33 32 31 30 # 28 27 26 25 24 23 22 21 # # # 17 16 15 14 13 12 # 10 9 8 7 # # 10 11 12 13 14 15 16 17 18 19 20 # 22 23 24 25 26 27 # 29 # 31 32 33 34 35 36 37 38 39 40 41 42 43 44 45 46 47 48 49 50 51 52 # 54 55 56 57 58 # 60 61 62 63 64 65 66 67 68 69 70 71 72 
71 72 # 68 67 66 65 64 63 62 61 60 # # 57 # 55 54 # 52 # 50 49 48 47 46 45 44 43 42 41 # 39 38 37 36 35 34 33 32 31 30 29 28 27 26 25 24 23 22 21 20 19 18 17 16 15 14 13 12 11 # 9 8 7 6 7 8 9 10 11 12 13 14 15 # # 20 19 20 21 22 23 # 25 26 # 28 29 30 31 32 33 34 35 36 37 38 39 40 # 42 43 44 45 46 # 48 49 50 # 52 53 54 55 # 57 58 59 60 61 62 63 64 65 66 67 68 69 70 71 
70 # 68 67 66 65 64 63 62 61 60 59 58 57 56 55 54 53 52 51 50 49 48 47 # 45 44 43 42 41 40 39 38 37 36 35 34 33 32 31 30 29 28 27 26 25 # # # 21 20 # 18 # 16 15 14 13 12 # 10 9 8 7 6 5 6 7 8 9 # 11 12 # 14 # 16 # 18 19 20 21 # 23 24 25 26 27 28 29 # 31 32 # 34 35 36 37 38 39 40 41 42 # 46 45 46 47 48 49 50 51 52 53 54 55 56 57 58 59 60 61 62 63 64 65 66 67 68 69 70 
69 68 67 66 65 64 63 62 61 60 # 58 57 56 55 54 53 # 51 50 49 48 # 46 45 # 43 42 41 40 # # 37 36 35 34 33 32 31 30 29 28 # 26 25 24 23 22 21 20 19 18 17 # 15 # 13 12 11 10 9 8 7 6 5 4 5 6 7 8 9 10 11 12 13 # 15 16 17 18 19 20 21 22 23 24 25 26 27 28 29 30 31 # 33 34 35 36 # 38 39 40 41 42 # 44 45 46 47 48 49 # 51 52 53 54 55 56 57 58 59 60 # 62 63 64 65 66 67 68 69 
68 67 66 65 64 63 62 61 60 59 58 57 56 55 54 53 52 51 50 49 48 47 46 45 44 # 42 41 40 39 38 # 36 35 34 33 32 # 30 29 28 27 26 25 24 23 22 21 20 19 18 17 16 15 14 13 12 11 10 9 10 9 # 5 4 3 4 5 6 7 8 9 # 11 # 13 14 15 # 17 18 19 20 21 22 23 24 25 26 27 28 29 30 31 32 33 34 35 36 37 38 39 40 41 42 43 44 # 46 47 48 49 50 # 52 53 54 55 56 57 58 59 60 61 62 63 64 65 66 67 68 
67 66 65 64 63 62 61 60 # 58 57 56 55 54 53 54 53 # 49 48 47 46 45 44 43 42 41 40 39 38 37 36 35 34 33 32 31 30 29 28 27 26 25 # # 22 21 20 19 18 17 16 15 14 13 12 11 10 9 8 # 10 # 4 # 2 3 4 5 6 7 # 11 10 11 12 13 14 # 16 17 18 19 20 21 # 23 24 # 26 27 28 29 30 31 32 33 34 # 36 37 38 39 40 # 42 43 44 45 46 47 48 49 50 51 52 53 54 55 56 57 58 # 60 61 62 63 64 65 66 67 
66 65 64 63 62 61 60 59 58 57 56 55 54 53 52 # # 49 48 47 46 45 44 43 42 41 40 # 38 37 36 35 34 33 32 31 30 29 28 27 26 25 24 23 22 21 20 19 18 17 16 15 14 13 12 # 10 9 8 7 6 # 4 3 2 1 # 3 4 5 6 7 # 9 # 11 12 13 14 15 16 17 18 19 20 21 22 23 24 25 26 27 28 29 # 31 32 33 34 35 36 37 38 39 40 41 42 43 # 45 46 47 48 49 50 51 52 53 54 55 56 57 58 59 # 61 62 63 64 65 66 
65 64 63 62 61 60 59 58 57 56 55 54 53 52 51 50 49 48 47 46 45 44 43 42 41 40 39 38 37 36 35 34 33 32 31 30 29 28 27 26 25 24 23 22 21 20 19 18 17 16 15 14 13 12 11 10 9 8 7 6 5 4 3 2 1 0 1 2 3 4 5 6 7 8 9 10 11 12 13 14 15 16 17 18 19 20 21 22 23 24 25 26 27 28 29 30 31 32 33 34 35 36 37 38 39 40 41 42 43 44 45 46 47 48 49 50 51 52 53 54 55 56 57 58 59 60 61 62 63 64 65 
66 65 64 63 62 61 60 59 58 57 56 55 54 53 52 51 50 # # 47 46 45 # 43 42 41 40 # 38 37 36 35 34 33 32 31 30 29 # 27 26 # # 23 22 # # 19 18 17 16 15 14 13 12 11 10 # 8 7 6 5 4 3 # 1 2 # 4 5 6 7 8 9 10 11 12 13 14 15 16 17 # # 20 21 22 # 24 # 26 27 28 29 30 31 # 33 34 35 36 37 38 # 40 41 42 43 44 45 # 47 48 # 50 51 52 53 54 55 56 # 58 59 60 61 62 63 64 65 66 
67 66 65 64 63 62 61 60 59 58 # 56 55 54 53 52 51 50 49 48 # 46 # 44 43 42 # 40 39 # 37 36 35 34 # 32 # 30 29 28 27 26 25 24 23 22 21 20 19 18 # 16 15 # 13 12 # 10 9 8 7 6 5 4 3 2 3 4 # 6 7 8 9 10 11 12 13 14 15 16 17 18 # 22 21 22 23 24 25 26 27 28 29 30 # # 35 # 35 36 37 38 39 40 41 42 43 44 45 # 49 48 49 50 51 52 53 # # 56 57 58 59 60 61 62 63 64 65 66 67 
68 67 66 65 64 63 62 61 # 59 58 57 56 55 54 53 52 51 50 49 50 # 48 # 44 43 42 41 40 39 38 37 36 35 # 33 34 # # 29 # 27 # 25 24 23 22 21 20 19 18 17 16 15 14 13 12 11 # 9 8 7 6 5 # 3 4 5 6 7 8 # 10 11 12 # 14 15 16 # 18 19 20 21 # 23 24 25 26 27 28 # 30 31 32 33 34 35 36 37 # 39 40 41 42 43 44 45 46 47 48 49 50 51 # 53 54 55 56 57 58 59 # 61 62 63 64 65 66 67 68 
69 68 67 66 65 64 63 62 61 60 # 58 57 56 55 54 53 52 51 50 49 48 47 46 45 44 # 42 41 # 39 38 37 36 35 34 33 32 31 30 29 28 27 26 25 24 23 # # 20 19 18 17 16 # 14 13 12 11 10 9 8 7 6 5 4 5 # 7 8 9 10 # # # 16 15 16 17 # 19 20 21 22 23 24 25 26 27 28 29 30 31 # 33 34 35 36 37 38 39 40 41 42 43 44 45 46 47 48 # 50 51 52 # 54 55 56 57 58 59 60 61 62 63 64 65 66 67 68 69 
70 # 68 67 66 65 64 63 62 61 60 59 58 57 56 55 # 53 52 51 50 49 # # 46 # 44 43 42 43 # 39 38 37 # 35 34 # 32 # # 29 28 27 26 25 24 23 22 21 20 19 18 17 16 15 14 13 12 11 10 9 8 7 # 5 # 9 8 9 10 # 14 15 16 17 16 17 18 # 20 # 22 23 24 25 26 27 28 29 30 31 32 33 # 35 36 37 38 39 40 41 42 # 44 45 46 47 48 # 52 51 # # 56 55 56 # # 59 60 61 62 63 64 65 66 67 68 69 70 
71 # # 68 67 66 65 64 63 62 61 60 # 58 57 56 55 54 53 52 51 50 49 48 47 46 45 44 43 42 41 40 # # 37 36 35 34 33 # 31 30 29 28 # 26 25 24 23 22 21 20 # 18 17 16 15 14 13 12 11 10 9 8 7 6 # # 9 10 11 12 13 14 15 # 17 18 19 20 21 22 23 24 25 26 27 28 29 30 31 32 33 34 35 # 37 38 39 40 41 42 43 44 45 46 47 # 49 50 51 52 53 54 55 # 57 58 59 60 # 62 63 64 65 66 67 68 69 70 71 
72 71 70 69 68 67 66 65 64 63 62 61 # 59 58 # 56 55 54 # 52 51 50 49 48 # 46 45 44 43 # 41 40 39 38 37 36 35 34 33 32 31 # 29 # 27 26 25 24 23 22 # 22 # 18 17 # 15 14 13 12 11 10 9 8 7 # . # 11 12 13 14 # 16 17 18 19 20 21 22 23 24 25 26 27 28 29 30 31 32 33 # # 36 37 38 39 40 41 42 43 44 45 46 47 # 51 50 51 52 53 54 55 56 57 58 59 60 61 62 63 64 65 66 67 68 69 70 71 72 
73 72 71 70 69 68 67 66 65 64 63 62 63 # 59 60 # 56 55 56 # 52 51 50 49 # 47 46 45 44 43 42 # 40 39 38 37 36 35 # 33 32 31 30 29 28 27 26 25 24 23 22 21 20 19 18 17 16 15 14 13 12 # 10 9 8 9 # 13 12 13 14 15 16 # # # 20 21 22 23 24 25 26 27 28 29 # 31 32 # 34 # 38 37 # 39 40 41 # # 44 45 46 47 # 51 52 # 52 53 54 55 56 57 58 59 60 61 62 63 64 65 66 67 68 69 70 71 72 73 
74 73 72 # 70 69 68 67 66 65 64 63 64 # 60 59 58 57 56 55 54 53 52 51 # 49 48 # 46 45 44 43 42 41 40 39 38 37 36 35 34 33 32 31 30 29 28 27 26 25 24 23 22 # # 19 18 17 16 15 14 13 12 11 10 9 # 15 14 13 14 15 16 # 24 23 22 21 22 23 24 25 26 27 28 29 # 33 32 # . # 40 39 38 39 40 # # 45 46 45 46 47 48 49 50 51 52 53 54 # 56 57 # 59 # 61 62 63 64 65 66 67 68 # 70 71 # 73 74 
75 74 73 74 # 70 # 68 67 66 65 64 63 62 61 # # 58 57 56 55 54 53 52 51 50 49 48 47 46 45 44 43 42 41 40 39 38 37 # 35 # 33 # 31 # 29 28 # 26 25 24 23 24 # 20 19 # 17 16 15 14 # # 11 10 11 # 15 14 15 16 # # 25 24 23 # 23 # 25 26 27 # 29 30 31 32 33 34 # 40 41 40 39 40 41 42 43 44 45 46 47 48 49 50 51 52 53 54 55 56 57 # 61 60 61 62 63 64 65 66 67 68 69 70 71 72 73 74 75 
76 75 74 75 74 # # 69 68 67 66 65 64 63 62 61 60 59 58 57 56 55 54 53 52 # 50 49 48 47 46 45 44 43 42 41 # 39 38 37 36 37 # # 32 31 30 29 30 # # 25 24 23 22 21 20 19 18 17 16 # 18 # 12 11 # 17 16 15 16 17 18 19 # 23 # 25 24 25 # 27 28 29 30 31 32 33 34 35 # 39 40 41 40 41 42 43 # 45 46 47 48 49 50 51 52 53 54 # 56 57 58 59 # 61 62 63 64 65 66 67 68 69 70 # 72 # 74 75 76 
77 76 75 74 73 72 71 70 69 68 67 66 65 64 63 62 61 60 59 58 57 56 55 54 53 52 51 # 49 48 47 46 45 44 43 42 41 40 # 38 37 38 # 34 33 32 31 30 31 # 33 # 25 24 # 22 21 20 19 18 17 18 17 # 13 12 13 # 17 16 17 18 19 20 21 22 23 24 25 26 27 28 29 30 31 32 33 34 35 36 37 38 39 40 41 42 43 44 45 # 47 # 49 # 51 52 53 # 55 56 57 58 59 # 63 62 63 64 65 66 67 68 69 70 # 74 73 74 # # 77 
78 77 76 75 74 73 72 71 70 69 68 67 66 65 64 63 62 61 60 59 58 # 56 55 # # 52 # # 49 48 47 46 45 # 43 42 41 40 39 38 # 36 35 34 33 32 31 32 33 32 # 26 25 # # 22 21 20 # 18 17 16 15 14 13 14 15 16 17 18 19 20 21 22 # 24 # 26 # 28 29 30 31 32 33 34 35 # 37 38 # 40 41 42 # 44 45 46 47 48 49 50 51 52 53 54 # 56 57 58 # 60 61 62 63 64 65 66 67 68 69 70 71 72 73 74 75 76 77 78 
79 78 77 76 75 74 73 72 71 70 # 68 67 66 65 64 63 62 61 60 # 58 57 # 55 54 53 54 53 # 49 48 47 46 45 44 43 # 41 40 39 38 37 # # # 33 32 33 32 31 30 # 26 25 24 23 22 # 20 19 18 17 16 15 14 15 16 # 18 19 20 21 22 23 # 25 26 27 28 29 30 31 32 33 34 35 36 37 38 39 # 41 42 43 44 45 46 47 48 49 # 51 52 53 54 55 56 57 58 59 # 61 62 63 64 65 66 67 68 69 70 71 72 73 74 75 76 77 78 79 
80 79 78 77 76 75 74 # # 71 72 # 68 67 66 65 64 63 62 61 60 59 58 57 56 55 # 53 52 51 50 49 48 47 46 45 # 43 42 41 40 39 # 37 36 35 34 33 34 33 # 29 28 27 # # 24 # # # 20 19 18 17 16 15 16 17 18 19 20 # 22 # 24 25 26 27 28 29 30 31 32 33 # # 36 37 38 39 40 41 42 43 44 45 46 47 48 49 50 51 52 53 54 55 56 57 58 59 60 61 62 63 64 65 66 67 68 69 70 71 72 73 74 75 76 # 78 79 80 
81 80 # 78 77 76 75 76 # 72 71 70 69 68 67 66 65 64 63 62 61 60 59 58 57 56 57 # 53 # 51 50 49 48 47 46 45 44 43 42 # 40 41 # 37 36 # # 33 32 31 30 # 28 27 26 25 24 23 22 21 20 19 18 17 16 17 18 # 20 21 22 23 24 25 26 27 28 29 30 31 32 33 # 37 38 37 38 39 40 41 42 43 # # 46 47 48 49 50 51 52 53 54 # # # 58 # 60 61 62 63 64 65 66 67 68 69 70 # 72 73 74 75 # # 80 79 80 81 
82 # 80 79 78 77 # 75 74 73 72 71 # 69 68 67 66 65 64 63 62 61 60 59 58 57 56 55 54 55 # 51 50 49 # 47 46 45 44 43 42 41 40 39 38 # 36 35 34 33 32 31 30 29 28 # 26 25 24 23 # 21 20 19 18 17 18 19 20 21 22 23 24 25 26 # 28 29 30 31 32 33 34 35 36 # # 39 40 41 42 43 44 # 48 47 48 # 50 51 52 53 54 55 56 57 58 59 # 61 62 63 64 65 66 67 68 # 70 # 74 73 74 75 76 77 78 # 80 81 82 
83 82 81 80 79 78 77 76 75 74 73 72 71 70 # 68 67 66 65 64 63 62 61 60 59 58 57 56 55 54 53 52 51 50 49 48 47 46 # # 43 42 41 40 39 38 37 # # 34 33 32 31 30 29 30 # 26 25 # 23 22 21 20 19 18 19 20 21 # 23 24 25 26 27 # 29 30 31 32 33 34 35 36 37 38 39 40 41 42 43 44 45 46 47 48 49 50 51 52 53 54 55 56 57 58 59 60 61 62 63 64 65 66 67 68 69 70 71 72 73 74 75 76 77 78 79 80 # 82 83 
84 83 82 # 80 79 # 77 76 75 74 73 72 # 70 69 68 67 66 65 64 63 62 61 60 59 58 # 56 55 54 53 # # 50 49 48 47 46 45 44 43 42 41 # 39 # 37 36 35 34 33 32 31 # 29 28 27 26 25 24 23 22 21 20 19 20 21 22 23 # 25 26 27 28 29 30 31 32 33 34 35 36 37 38 39 40 # # # 44 45 46 # 48 49 50 51 # 53 54 55 56 57 58 # 60 61 62 63 64 65 66 67 68 # 70 71 72 73 74 # 76 77 78 79 80 # 84 83 84 
85 84 83 84 # 80 79 78 77 76 75 74 73 72 71 # 69 68 67 66 65 64 63 62 61 60 # 58 57 56 55 54 53 52 51 50 49 # 47 46 45 44 43 # 41 40 39 38 37 36 35 34 33 32 31 30 29 28 # 26 25 24 23 22 21 20 # # 23 24 25 26 27 28 29 30 31 32 33 34 35 36 37 38 39 40 41 42 43 44 # 46 47 # 49 # 51 52 53 54 55 56 57 58 59 60 61 62 63 64 65 66 67 68 69 70 71 72 73 74 75 76 77 78 79 80 81 # 85 84 85 
86 # 84 83 82 81 80 79 # 77 76 75 74 73 72 71 70 69 68 67 66 65 64 63 62 61 60 59 58 57 56 55 54 53 52 51 50 49 48 47 46 45 44 43 42 41 # # 38 # 36 35 34 33 32 31 30 29 28 27 26 25 24 23 22 21 22 23 24 25 26 27 28 29 30 31 # 33 34 35 36 37 # 39 # 41 42 # 44 # 48 47 48 49 50 51 52 53 54 55 # # 58 59 60 61 62 63 64 65 66 67 68 69 70 71 72 73 74 75 76 77 78 79 80 # 82 83 84 # 86 
87 86 85 84 83 82 # 80 79 78 77 76 75 74 73 # 71 70 69 68 67 66 65 64 63 62 61 60 59 # 57 56 55 54 53 52 51 50 49 48 47 # 45 # 43 42 41 40 39 38 37 36 35 34 33 32 # 30 # 28 # 26 25 24 23 22 23 24 25 26 27 28 29 30 31 32 33 34 35 36 # 38 # # 43 42 43 44 45 46 # 48 # 50 51 52 53 54 55 56 57 58 59 60 61 62 63 64 65 66 67 68 # 70 71 72 73 # 75 76 # 78 79 # 81 82 83 84 85 86 87 
88 # 86 85 84 83 82 81 80 79 78 # # 75 74 73 72 71 # 69 68 67 66 65 64 63 62 61 60 59 58 57 # 55 54 53 52 51 50 49 48 47 46 47 # 43 42 41 40 39 38 37 # 35 34 33 32 31 30 29 # 27 26 25 24 23 # # 26 27 # # # 31 32 33 34 35 # 37 38 39 40 41 42 43 44 45 46 47 # 49 50 51 52 53 54 55 56 57 58 59 60 61 62 63 64 65 66 67 68 69 70 71 # 73 # 77 76 77 78 79 80 81 82 83 84 85 86 87 88 
89 88 87 86 # # 83 82 81 80 79 78 77 76 75 # 73 72 71 70 69 68 67 66 65 64 63 62 61 60 59 58 57 56 55 54 53 52 51 50 49 48 47 48 47 # 43 42 41 40 39 # # 36 35 34 33 32 31 30 31 # 27 26 25 24 25 26 # 28 29 30 31 32 33 34 35 # 39 38 39 40 41 42 43 44 45 46 47 48 49 50 51 52 # 54 55 56 # 58 59 60 61 62 63 64 65 66 67 68 69 70 71 72 73 74 75 76 77 78 79 # 81 82 83 84 85 86 87 88 89 
90 89 88 87 86 85 84 83 82 81 80 79 78 77 76 75 74 73 # 71 70 69 68 67 66 65 64 63 62 61 60 59 58 57 # # 54 53 52 51 50 49 48 47 46 45 44 43 42 41 40 # # 37 36 35 34 33 # 31 32 # 28 # 26 25 26 27 28 29 30 31 # 33 34 35 36 37 # 39 40 41 42 43 # 45 46 47 48 49 50 51 52 # 56 55 56 # 60 59 # 61 62 63 64 65 66 67 68 69 # 71 # 73 74 75 76 77 # 79 80 81 82 83 84 # 86 # 88 89 90 
91 90 89 88 87 86 85 84 83 82 81 80 79 78 77 76 75 74 # 72 71 70 69 68 67 66 65 64 63 62 61 60 # # 61 60 # 54 53 52 51 50 49 48 47 46 45 44 43 42 41 42 # 38 37 36 35 # 33 32 31 30 29 28 27 26 27 # # 30 31 # 35 34 35 36 37 38 39 40 41 42 # 44 45 46 47 48 49 # 51 52 53 54 # 56 57 58 59 60 61 62 63 64 65 66 67 68 69 70 71 72 # # 75 76 # 78 79 # 81 82 83 84 85 86 # 90 89 # 91 
92 91 90 89 88 87 86 85 84 # # # 80 79 78 77 76 75 76 # 72 71 70 69 68 67 66 65 64 63 62 61 62 61 60 59 # 55 54 53 52 # # 49 48 47 46 45 # 43 42 43 # 39 38 37 36 35 34 33 32 31 30 29 # 27 28 29 30 31 32 33 34 35 36 37 38 39 40 41 42 43 44 45 46 47 48 49 50 51 52 53 54 55 # 57 58 59 # 61 62 63 64 65 66 67 68 69 70 71 72 73 74 75 76 # 80 79 80 81 82 83 84 85 86 87 88 89 90 91 92 
93 92 91 # 89 88 87 86 85 86 # 82 81 80 # 78 77 76 # 74 73 72 # 70 69 68 67 66 65 64 63 62 61 60 59 58 57 56 55 54 53 54 # 50 49 48 47 # 51 # 43 42 41 40 39 38 # 36 35 # 33 32 # 30 29 28 # 30 31 32 33 # 35 36 # 38 39 40 41 42 43 44 45 46 47 48 49 50 51 52 53 54 55 56 57 # 59 60 61 62 63 64 65 66 67 68 69 70 71 72 # 74 75 76 77 78 79 80 81 82 83 84 85 86 87 88 89 90 # 92 93 
94 93 92 91 90 89 88 87 86 85 84 83 82 81 80 79 78 77 76 75 74 73 # 71 70 69 68 67 66 65 64 63 62 61 60 59 # # 56 55 # 53 52 51 50 # 48 49 50 # 44 43 42 41 40 39 38 37 36 35 34 33 32 31 # 29 30 31 32 33 34 35 36 37 38 39 40 41 42 43 44 45 46 47 # 49 50 # 52 53 54 55 56 57 58 # 60 61 62 63 64 65 66 67 68 69 70 71 72 73 # # # 77 78 79 80 81 82 83 84 85 86 87 88 89 90 91 92 # 94 
95 94 # 92 91 90 89 88 87 86 85 # 83 # 81 80 79 78 77 76 75 74 73 72 71 70 # 68 67 66 65 64 63 62 61 60 59 58 57 56 57 # 53 52 51 50 49 50 49 # # 44 43 42 41 40 39 38 37 36 35 34 33 32 31 30 31 32 33 34 35 36 37 # 39 40 41 42 43 44 45 46 47 48 49 50 51 52 # 54 55 56 57 58 59 60 61 62 63 64 65 66 67 68 69 70 71 # 73 74 # 78 79 # 79 80 81 82 83 84 85 86 87 88 89 # 91 92 93 94 95 
96 # 94 93 92 91 90 89 88 87 # 85 84 83 82 81 80 79 78 77 76 75 74 73 72 71 70 69 68 67 66 65 64 63 62 61 60 59 58 57 58 # 54 53 52 51 50 49 48 47 46 45 44 43 42 41 40 39 38 37 36 35 34 33 32 31 32 33 34 35 36 37 38 39 40 41 42 43 44 45 46 47 48 49 # 51 52 53 54 55 56 57 58 59 60 # 62 63 64 65 66 67 68 # 70 71 72 73 74 75 76 77 78 79 80 81 82 # 84 # 86 87 88 89 90 91 92 # 94 95 96 
97 96 95 94 93 92 91 90 89 88 87 86 85 # 83 82 # 80 79 78 77 # 75 74 73 72 71 70 # 68 67 66 65 64 63 62 # 60 # 58 57 56 55 54 53 52 51 50 49 48 47 46 45 44 43 42 41 40 39 38 37 36 35 34 33 32 33 34 35 36 37 38 # # 41 42 43 44 45 46 47 48 49 50 51 52 53 54 55 56 57 58 59 60 61 62 63 64 65 66 67 68 69 70 71 # 73 74 75 76 # 78 79 80 81 82 83 # 85 86 87 88 89 90 91 92 93 94 95 96 97 
98 # 96 # 94 93 92 # 90 89 88 # 86 85 84 83 # 81 80 79 # 77 76 75 74 73 72 # 70 69 68 67 66 65 64 63 62 61 60 59 58 57 56 55 # 53 52 # 50 49 48 47 46 45 44 # 42 41 # 39 # # 36 35 34 33 34 35 36 37 38 39 40 41 42 43 # 45 46 47 48 49 50 51 52 53 54 55 # 57 58 59 60 # 62 63 64 65 66 67 68 # 70 71 72 73 74 75 76 77 78 79 80 81 # 83 84 85 86 # 88 89 90 91 92 93 94 95 96 # 98 
99 98 97 # 95 94 93 92 91 90 89 88 87 86 85 84 85 # 81 80 79 78 # 76 75 74 73 72 71 70 69 68 67 66 65 64 63 62 61 60 59 58 57 56 55 54 53 52 51 50 49 # 47 46 45 44 43 42 41 40 # # 37 36 35 34 35 36 37 38 39 # # 42 43 44 45 46 47 48 49 50 51 # 53 54 55 56 57 58 59 60 61 62 63 64 65 66 67 68 69 70 71 72 73 74 75 76 77 78 79 80 81 82 # 84 85 86 87 88 # 90 91 92 93 94 95 96 # 100 99 
100 99 98 99 # 95 94 93 92 91 90 # 88 87 86 85 # 83 82 81 80 79 80 # 76 75 74 73 72 71 70 69 68 67 66 65 64 63 62 61 60 59 58 # 56 55 54 53 52 51 50 49 48 # 46 45 44 43 42 41 42 # # 37 36 35 36 37 38 39 40 41 42 43 44 45 46 47 48 49 50 51 52 53 54 55 # 57 58 59 60 61 62 63 64 65 66 67 68 69 70 71 72 73 74 # # # 78 79 80 81 82 83 84 85 # # # 89 90 91 92 93 94 95 # 97 98 99 100 
101 100 99 98 97 96 95 94 93 92 # 90 89 88 # 86 85 84 83 82 81 # 79 78 77 76 75 74 73 72 # 70 69 68 67 66 65 64 63 62 61 # 59 58 57 56 55 54 53 52 51 # 49 48 47 46 45 44 43 # 41 40 39 38 # 36 37 38 39 40 41 42 43 44 45 46 47 # 49 50 51 52 53 # # 56 57 58 59 60 61 62 63 64 65 66 67 68 69 70 71 72 73 74 75 76 77 # 79 80 81 82 83 84 85 86 87 88 89 # 91 92 # # 95 96 # 98 # 100 101 
102 # # # 98 # 96 # # 93 92 91 90 89 90 # 86 # 84 83 82 81 80 79 78 77 76 75 74 73 72 71 70 69 68 67 66 65 64 63 62 63 # 59 # 57 56 # 54 53 52 51 50 49 48 47 46 45 44 43 42 41 40 39 38 37 38 # 40 41 42 43 44 45 46 # 48 49 50 51 # 53 54 55 56 57 58 59 60 61 62 63 64 65 66 67 68 # # 71 72 73 # 75 76 # 78 79 80 # 82 83 # 85 86 # 88 # # # 92 93 94 95 # 97 98 99 100 101 102 
103 102 101 100 99 # 97 # 95 94 93 92 91 90 89 88 87 86 85 84 83 82 81 80 79 78 77 76 75 74 73 72 71 70 69 68 67 66 65 64 63 62 61 60 59 58 # 56 55 54 53 52 51 50 49 48 47 46 45 44 # 42 41 40 39 38 39 # 41 42 43 44 45 46 47 48 49 50 51 52 53 54 55 56 57 58 59 60 61 62 63 64 65 66 67 68 # 74 73 72 73 74 75 76 77 78 79 80 81 82 83 84 85 86 87 88 89 90 91 92 93 94 95 96 97 98 99 100 101 102 103 
104 103 102 101 100 99 98 97 96 95 94 93 92 91 90 89 88 87 # 85 84 83 82 81 80 79 78 77 76 75 74 73 72 71 # # 68 67 66 65 64 63 62 61 60 59 58 57 56 55 54 53 52 # 50 49 48 47 46 45 44 43 42 41 40 39 40 41 42 43 44 45 46 47 48 49 50 51 52 # 54 55 56 57 58 59 60 61 62 63 64 65 66 67 68 69 70 # 74 73 74 75 76 77 78 # 80 81 # # 84 # 86 87 # # 90 91 92 93 94 # 96 97 # 99 100 101 102 103 104 
105 104 103 102 101 100 99 98 97 96 95 # 93 92 91 90 89 88 87 86 85 # 83 # 81 80 79 # 77 76 75 74 # 72 71 70 69 68 67 66 65 64 63 62 61 60 59 58 57 56 55 54 53 52 51 50 # 48 47 46 45 44 43 42 41 40 # 42 43 44 45 46 47 48 49 50 51 52 53 # 55 # 57 58 59 # 61 62 63 64 65 66 67 68 69 70 71 72 # # 75 76 77 78 79 80 81 82 83 84 85 86 # 88 89 90 91 92 93 94 95 96 97 98 99 100 101 102 103 104 105 
106 105 104 103 102 # 100 99 98 97 96 95 94 93 # 91 90 89 88 87 86 85 84 83 82 81 80 81 # 77 76 # 74 73 72 71 70 69 68 67 66 65 64 63 62 61 60 59 58 57 # 55 54 # 52 51 50 49 48 47 # 45 44 43 # 41 # 43 44 45 46 47 48 49 # 51 52 53 54 55 56 57 58 59 60 61 62 63 64 65 66 67 68 69 70 71 # 73 74 75 76 77 78 79 80 81 82 83 84 85 86 87 88 89 90 91 92 93 94 95 96 97 98 99 100 101 102 103 104 105 106 
107 106 105 104 103 102 101 100 99 98 97 96 95 94 93 92 91 90 # 88 # 86 85 84 83 82 81 80 79 78 77 76 75 74 73 # # 70 69 68 67 66 65 64 63 62 61 # 59 58 57 56 55 54 53 52 51 50 # # 47 46 45 44 43 42 43 44 45 46 47 48 49 50 51 52 53 54 55 56 57 58 59 60 61 62 63 64 65 66 67 68 69 70 71 72 # 74 # 76 77 78 79 80 81 82 83 84 85 86 87 # 89 # 91 92 93 94 95 # 97 98 99 100 101 102 103 104 # 106 107 
108 107 106 105 104 # 102 # 100 # # 97 96 95 94 # 92 91 90 89 88 87 86 85 84 83 82 81 80 79 # 77 76 75 74 73 72 71 70 69 68 67 66 65 64 63 62 61 60 59 58 57 56 55 54 53 52 # 50 49 48 47 46 45 # 43 44 45 46 # 48 49 50 # 52 53 54 55 56 57 58 59 60 61 62 63 64 65 66 67 68 69 70 71 72 73 74 75 76 77 78 79 80 81 82 83 84 85 86 87 88 # 90 91 92 # 94 95 # 101 # 99 100 101 102 103 # 105 106 107 108 
109 108 107 106 # 106 # 102 101 100 99 98 97 96 95 96 # # 91 90 89 88 87 86 85 84 83 82 81 80 79 78 77 76 75 74 73 72 71 # 69 68 67 66 65 64 63 62 61 60 59 58 57 56 55 54 53 52 51 50 49 48 47 46 45 44 45 # 47 48 49 50 51 52 # 54 55 56 57 58 59 60 # 62 63 64 65 66 67 68 69 # 71 # 73 # 75 76 # 78 79 # 81 82 83 84 85 86 87 # 89 90 91 92 # 96 95 # 99 100 101 100 101 102 # 104 105 106 # 108 109 
110 109 108 107 106 105 104 103 102 101 100 99 # 97 96 95 94 93 92 91 # 89 88 87 86 85 84 83 82 81 80 79 78 77 # 75 74 73 72 71 70 # 68 67 66 65 64 63 62 61 60 59 58 57 56 55 54 # 52 51 50 49 48 47 # 45 # # 48 49 50 51 52 # 56 55 # 57 58 59 60 61 62 63 64 65 66 67 68 69 70 71 72 73 74 75 76 77 78 # 80 81 82 83 # 85 86 87 88 89 # 91 92 93 94 95 96 97 98 99 100 101 # 103 104 # # 107 108 109 110 
111 110 109 # 107 106 105 # 103 102 101 100 # 98 97 # 95 94 93 # # 90 89 88 87 86 85 84 # 82 81 80 79 78 # 76 75 74 73 72 71 70 69 68 67 66 65 64 63 62 61 60 59 58 57 56 # # 53 52 51 50 49 # 47 46 47 48 49 50 51 52 53 54 55 56 57 58 # 60 61 62 63 64 65 66 67 68 69 70 71 72 # 74 75 76 # 78 79 80 81 # 83 84 # # 87 # 89 90 91 92 # 94 95 96 97 98 99 100 101 # # # 105 106 # 108 109 110 111 
112 111 110 109 108 # 106 105 104 103 102 101 100 99 98 97 96 95 94 95 # 91 90 89 88 # 86 85 84 83 82 81 80 # 78 77 76 75 74 73 72 71 70 69 68 67 66 65 64 63 62 61 60 59 58 57 56 55 54 53 # 51 50 49 48 47 48 49 50 51 52 53 54 55 56 57 58 59 60 61 62 63 64 65 66 67 68 # 70 71 # # 76 75 76 77 78 # 80 81 82 # # 85 86 87 88 89 90 91 92 93 94 95 96 97 98 99 100 # # 107 108 107 106 107 108 109 110 111 112 
113 112 111 # 109 108 107 106 105 104 103 102 # 100 99 # 97 # 95 94 93 92 91 90 89 88 87 86 85 84 # # 81 80 79 78 77 76 75 74 73 72 71 70 # 68 67 66 65 64 63 62 61 60 # # # 56 55 54 55 # 51 # 49 48 49 50 51 # 53 54 55 56 # 58 59 60 61 62 63 64 65 66 67 68 69 70 # # 75 76 77 76 77 78 79 80 81 82 83 84 85 86 87 88 # 90 91 92 93 94 95 96 # 98 99 # # 104 105 106 107 108 107 108 # 110 # 112 113 
114 113 112 111 110 109 108 107 106 105 104 # 102 101 100 99 98 97 96 95 94 # 92 91 # 89 88 87 86 85 84 83 82 81 80 79 # 77 76 75 74 73 72 71 70 69 68 67 66 65 64 63 62 61 62 61 # 57 56 55 54 53 52 # 50 49 50 51 52 # 54 55 56 57 58 59 60 61 62 63 64 65 66 67 68 69 70 71 72 73 74 # 78 77 78 79 80 81 82 83 84 85 86 # 88 89 90 91 92 # 94 95 96 97 98 99 100 101 102 103 104 105 106 107 108 109 110 111 112 113 114 
115 114 113 # 111 110 # 108 107 106 # # 103 102 101 100 99 98 97 96 95 94 93 92 91 90 89 # 87 86 85 84 83 82 81 80 79 78 77 76 75 74 73 72 71 70 # 68 67 66 65 64 63 62 61 60 59 58 57 56 # # 53 52 51 50 51 52 # # 55 56 57 58 59 60 61 62 63 64 65 66 67 68 69 # 71 72 73 # 75 76 77 78 79 80 81 82 83 84 85 86 # 90 89 90 91 92 93 94 95 96 # 98 99 # 101 102 103 # 105 106 107 108 109 110 111 # 113 114 115 
116 115 114 113 112 111 # 109 108 107 106 105 104 103 102 101 100 99 # 97 96 95 94 93 92 91 90 89 88 87 86 # # 83 # 81 # 79 78 77 # 75 74 73 72 71 70 69 68 67 66 65 64 63 62 61 # 59 58 # 56 55 54 53 52 51 # # 56 57 56 57 58 59 60 61 62 63 64 65 66 67 68 69 70 71 72 73 74 75 76 77 78 79 80 # 82 83 84 # 86 87 # 91 # 91 92 93 94 95 96 97 # 99 100 101 102 103 # 107 106 107 108 109 110 111 112 113 # # 116 
117 116 115 114 113 112 111 110 109 108 107 # 105 # 103 102 # 100 99 98 97 96 95 94 93 92 91 90 89 88 87 88 87 # 83 82 81 80 79 78 79 # 75 74 73 72 71 70 # 68 67 66 65 64 63 62 61 60 59 58 57 # 55 54 # 52 53 54 55 56 # 58 59 60 61 62 63 64 65 66 67 68 69 70 71 72 # 74 75 76 77 # 79 80 81 82 83 84 85 # 87 # 91 92 # 92 # 94 95 96 97 98 99 # 101 102 103 104 # 108 107 108 109 110 111 112 113 114 115 116 117 
118 117 116 # 114 113 112 111 110 109 108 107 106 105 104 103 102 101 100 99 98 97 96 95 94 93 92 91 90 89 88 87 86 85 84 83 82 81 80 79 78 77 76 75 74 73 72 71 70 69 68 67 66 65 64 63 62 61 60 59 58 57 56 55 54 53 # 55 56 57 58 59 60 61 62 63 64 65 66 67 68 69 70 # 72 73 74 75 76 # 78 79 80 81 82 83 84 85 86 87 88 89 90 91 92 93 94 95 96 97 98 99 100 101 102 103 104 105 106 107 108 109 110 111 112 113 114 115 116 117 118 
119 118 117 116 115 114 113 112 111 110 109 108 107 106 105 104 103 # # 100 99 98 97 96 95 94 93 92 91 90 89 88 87 86 85 84 83 82 81 80 # 78 # 76 75 74 73 # 71 70 69 68 67 66 65 64 63 62 61 60 59 58 # 56 55 54 55 56 57 58 59 60 61 62 63 64 65 66 67 68 69 70 71 72 73 74 75 76 77 78 79 80 81 82 83 84 85 86 87 # 89 90 91 92 93 94 95 96 97 98 99 100 101 102 # 104 # 106 107 108 109 110 111 112 113 114 115 116 117 118 119 
120 119 118 117 116 115 114 113 112 111 110 109 108 # # 105 104 103 102 101 100 99 98 97 96 95 94 93 # 91 90 # # 87 86 85 84 83 82 81 80 79 78 77 76 75 74 73 72 71 70 # 68 67 66 65 64 63 62 61 60 59 58 57 56 55 # 57 58 59 60 61 62 63 64 65 66 67 68 # 70 71 72 73 74 75 76 77 78 79 80 81 82 83 84 85 86 # 88 89 90 91 92 93 94 95 96 97 98 99 100 101 102 103 104 105 106 107 108 109 110 111 # 113 # 115 116 117 118 119 120 
121 120 119 118 117 116 115 114 113 112 111 110 109 108 107 106 105 104 103 102 101 100 99 98 97 96 95 # 93 92 91 92 91 # 87 86 # 84 83 # # 80 79 78 77 76 # # 73 72 71 70 69 68 67 66 65 64 63 62 # 60 59 # 57 56 57 58 59 60 61 62 63 64 65 66 67 68 69 70 71 72 73 74 75 76 77 # 79 80 81 82 83 # 85 86 # 90 89 90 91 92 # 94 95 # 97 98 99 100 101 # 103 104 105 106 107 108 109 110 # 112 113 114 115 # 117 118 119 120 121 
122 121 120 119 118 117 116 115 114 113 # 111 110 109 108 107 106 105 104 103 102 101 100 99 98 97 96 97 # 93 92 91 90 89 88 87 88 # 84 83 82 81 80 79 78 77 76 75 74 73 72 71 70 69 68 67 66 65 64 63 62 61 60 59 58 57 58 59 60 61 62 63 64 65 66 67 68 # 70 # 72 73 74 # 76 77 # # # 81 82 83 # # # 87 # 91 90 91 92 93 94 95 96 97 98 99 # 101 102 103 # 105 106 107 108 109 110 111 112 113 114 115 116 117 118 119 120 121 122 
123 122 # 120 119 118 117 # 115 114 113 112 111 110 109 108 107 # 105 104 103 102 # 100 99 98 97 96 95 94 93 92 # 90 89 88 89 # 85 84 83 82 81 # 79 78 77 76 75 74 73 72 71 70 69 68 67 66 65 64 63 62 61 # 59 58 59 60 61 62 63 64 65 66 67 68 # 72 71 72 73 # 75 76 77 78 79 80 81 # 83 84 85 # 89 88 89 90 91 92 # 94 95 96 97 98 99 # 103 # 103 104 105 106 107 108 109 110 111 112 # # 115 116 # 118 119 120 121 122 123 
124 123 124 # 120 119 118 117 116 115 114 113 112 111 110 109 108 107 106 105 104 103 102 101 100 99 98 97 # 95 94 # 92 91 90 89 88 87 86 85 84 83 82 # 80 79 78 # # 75 74 73 72 71 70 69 68 67 66 65 64 63 62 61 60 59 60 61 62 63 64 65 66 67 68 # # # 72 73 74 75 76 77 78 79 80 81 82 83 84 85 86 87 # 89 # 91 92 93 94 95 96 97 # 99 100 101 102 103 104 105 106 107 108 109 110 111 112 113 114 115 116 # 120 119 120 121 122 123 124 
125 124 123 122 121 120 119 # 117 # 115 114 113 112 111 110 109 108 107 106 105 104 # 102 101 100 99 98 97 96 # 94 93 92 91 90 # 88 87 86 85 84 83 82 81 80 79 78 77 76 75 74 73 72 71 70 69 68 67 66 65 64 63 62 61 60 # 62 63 64 65 66 67 68 69 70 # 74 73 74 75 76 77 # 79 80 81 82 83 84 85 86 87 88 89 90 91 92 93 94 95 96 97 98 99 100 # 102 103 104 105 106 107 108 109 # 111 112 113 # 115 116 117 118 119 120 121 # 123 124 125 
126 # 124 # 122 121 # 119 118 117 116 115 114 113 112 111 110 109 108 107 106 105 104 103 102 101 100 99 98 97 96 95 # 93 92 91 90 89 88 87 86 85 84 # 82 81 80 79 78 77 76 75 74 73 72 71 70 69 68 67 66 65 64 63 62 61 62 63 64 65 66 67 68 69 70 71 72 73 74 75 76 77 # 81 80 81 82 83 84 85 86 87 88 89 # 91 92 # 94 95 96 97 98 99 100 101 102 103 104 105 106 107 108 # 110 111 112 113 114 115 # # 118 119 120 121 122 123 124 125 126 
127 126 125 # 123 122 121 120 119 118 117 116 115 114 113 112 111 110 # 108 107 106 105 104 103 # 101 # # 98 97 96 97 # # 92 # 90 89 88 # 86 85 84 83 82 81 80 79 78 77 # # 74 73 72 71 70 69 68 67 66 65 64 63 62 63 64 65 66 67 68 69 70 71 72 73 74 75 76 77 # 81 # 81 # 83 84 85 86 87 88 89 90 # 92 # 96 95 96 97 98 99 100 101 # 103 104 105 106 # # 109 110 111 112 113 114 115 116 117 118 119 120 121 # 123 124 125 126 127 
128 127 126 125 124 123 122 121 120 119 118 117 116 115 114 113 112 111 110 109 # 107 106 105 104 103 102 101 100 99 98 97 96 95 94 93 # 91 90 # 88 87 86 85 84 83 82 81 # 79 78 77 76 75 74 73 72 71 70 69 68 67 66 65 64 63 64 65 66 67 68 69 70 71 72 73 74 75 76 77 78 79 80 81 82 83 84 85 86 87 88 89 # # 94 93 94 95 96 97 98 99 100 101 # 105 # 105 106 107 108 109 # 111 112 113 114 # 116 # 118 119 120 # 122 123 124 125 126 127 128 
129 128 127 126 125 124 123 122 121 120 119 118 117 116 115 114 113 112 111 110 109 108 107 # 105 104 103 102 101 100 99 98 # # 95 94 93 92 91 90 89 88 87 86 85 84 83 82 # 80 79 78 77 76 75 74 73 # 71 70 69 68 67 66 65 64 65 66 67 68 69 70 71 72 73 74 75 76 # 78 79 80 81 82 83 84 # 86 87 88 # 90 91 92 93 # 95 96 97 98 99 100 101 102 103 104 105 # # 108 109 110 111 112 113 114 115 # 117 118 119 120 # 124 123 124 125 126 # 128 129 
130 129 128 127 126 125 124 123 122 121 120 119 118 117 116 115 114 113 112 111 110 109 108 107 106 105 104 103 102 101 100 99 98 97 96 95 94 93 92 91 90 89 88 87 86 85 84 83 82 81 80 79 78 77 76 75 74 73 72 71 70 69 68 67 66 65 66 67 68 69 70 71 72 73 74 75 76 77 78 79 80 81 82 83 84 85 86 87 88 89 90 91 92 93 94 95 96 97 98 99 100 101 102 103 104 105 106 107 108 109 110 111 112 113 114 115 116 117 118 119 120 121 122 123 124 125 126 127 128 129 130 
