131 130 129 128 127 126 125 124 123 122 121 120 119 118 117 116 115 114 113 112 111 110 109 108 107 106 105 104 103 102 101 100 99 98 97 96 95 94 93 92 91 90 89 88 87 86 85 84 83 82 81 80 79 78 77 76 75 74 73 72 71 70 69 68 67 66 67 68 69 70 71 72 73 74 75 76 77 78 79 80 81 82 83 84 85 86 87 88 89 90 91 92 93 94 95 96 97 98 99 100 101 102 103 104 105 106 107 108 109 110 111 112 113 114 115 116 117 118 119 120 121 122 123 124 125 126 127 128 129 130 131 
130 131 130 129 # 127 126 125 124 123 122 121 120 119 118 117 116 115 # 113 112 111 110 109 108 107 106 105 104 103 102 101 100 99 # 97 96 95 94 93 92 91 # 89 88 87 86 85 84 83 82 81 80 # 78 77 76 75 74 73 72 71 70 69 68 67 68 69 70 71 72 73 # # 76 77 78 79 80 81 82 83 84 85 # 87 88 89 90 91 # 93 94 95 96 97 98 99 100 101 102 103 104 105 106 107 108 109 110 # # 113 114 115 # 117 118 119 # 121 122 123 124 125 126 127 128 129 130 # 130 
129 130 131 130 129 128 127 126 125 124 123 122 121 120 119 # 117 116 115 114 113 112 # 110 109 108 107 106 105 104 103 # 101 100 99 98 97 96 95 # 93 92 91 90 89 88 87 86 # 84 83 82 81 80 79 78 77 76 75 74 73 72 71 70 69 68 69 70 71 72 73 74 75 76 # 78 79 80 81 82 # 84 85 86 87 88 89 90 91 # 95 94 95 96 97 98 99 100 # 102 103 104 # 106 107 108 109 # 111 112 113 114 # 116 117 118 119 120 121 122 123 124 # 126 127 128 129 # # 130 129 
128 129 # 131 130 129 128 127 126 125 124 # 122 121 120 119 118 117 116 115 # 113 # # 110 109 108 107 106 105 104 105 # 101 100 99 98 # 96 95 94 # 92 91 90 89 88 87 86 85 84 83 82 81 80 79 78 77 76 75 74 73 72 71 70 69 70 71 72 73 74 75 76 77 78 79 80 81 82 # 86 85 86 87 88 89 90 91 92 93 94 95 96 97 98 99 # 101 # 103 104 105 # 107 108 # 110 111 112 113 114 115 116 117 118 119 120 121 122 123 124 125 126 127 128 129 # 131 130 129 128 
127 128 129 130 131 130 129 128 127 126 125 124 123 122 121 120 119 118 117 # 115 114 113 112 111 110 109 108 107 106 105 106 107 # 101 100 99 98 97 96 95 96 # 92 91 90 89 88 # 86 85 84 83 82 81 80 79 # 77 76 75 74 73 72 71 70 71 72 73 74 75 76 77 78 79 80 81 82 83 84 85 86 87 # 89 90 91 92 93 94 95 # 97 98 99 # 103 102 103 104 105 106 107 108 109 # 111 112 113 114 115 116 117 118 119 120 121 # 123 124 125 126 127 128 129 130 131 130 129 # 127 
126 127 128 # # 131 # 129 128 127 126 # 124 123 122 # 120 # 118 119 # 115 114 113 112 # 110 109 108 107 106 107 106 # # 101 100 # 98 97 96 97 98 # 92 91 # 89 90 # 86 85 84 83 82 81 # 79 78 77 76 75 74 73 # 71 72 73 74 75 76 77 78 79 # 81 # 83 84 85 86 87 88 89 # 91 92 93 94 # 96 97 98 99 100 101 102 103 # 105 106 107 108 109 # 115 # 113 114 115 # 117 118 119 120 121 122 123 124 125 126 127 128 129 130 131 130 # 128 127 126 
125 126 127 128 129 130 131 130 129 128 127 128 # 124 123 122 121 # 119 118 117 116 115 114 113 112 111 # 109 # 107 106 105 104 103 102 101 100 99 98 97 98 97 96 # # 91 90 89 88 87 86 85 84 83 82 81 80 79 78 77 76 75 74 73 72 73 74 75 76 77 78 79 80 81 82 83 84 85 86 # 88 # 90 91 92 93 94 95 96 # 98 # 100 101 102 103 104 105 106 107 108 109 # 113 114 115 # 115 116 # 118 # 120 121 122 123 124 125 # # 128 129 # 131 130 129 128 127 126 125 
124 125 126 127 128 129 130 131 130 129 128 127 126 125 124 123 122 123 # 119 118 117 # # 114 113 112 111 110 109 108 107 106 105 104 103 # 101 100 99 98 99 # 95 94 93 92 91 # 89 88 87 86 85 # 83 82 81 80 79 78 77 76 75 74 73 74 75 76 77 78 79 80 81 82 83 84 # 86 87 # 89 90 91 92 93 94 95 96 97 98 99 100 101 102 103 104 105 106 107 108 109 110 111 112 113 114 115 116 117 # 119 120 121 122 # # 125 126 # 130 129 130 # 130 # 128 127 126 125 124 
123 124 125 126 127 128 129 130 131 130 129 128 # 126 125 124 123 122 121 120 119 118 117 116 115 114 # 112 111 110 109 108 107 106 105 104 # 102 101 100 99 98 97 96 95 94 93 92 91 90 89 88 87 86 85 84 83 82 81 80 79 # # 76 75 74 75 76 77 78 79 80 81 82 83 84 85 # 87 # 91 90 91 92 # 94 95 96 97 98 99 100 101 102 103 104 105 106 # 108 109 110 111 112 113 114 115 116 117 # 121 120 121 122 123 # 127 126 127 128 129 130 131 130 129 128 127 126 125 124 123 
122 123 124 125 126 127 128 129 130 131 130 129 128 127 126 125 # 123 122 # 120 119 118 # # 115 114 113 112 111 110 109 108 # 106 105 106 # 102 101 100 99 98 97 96 95 94 93 92 91 # 89 88 87 86 85 84 83 82 81 80 79 78 77 76 75 76 77 78 # 80 81 82 83 84 85 86 87 88 # 92 91 92 93 94 # 96 97 98 99 100 101 102 103 104 105 106 107 108 109 # 111 112 113 114 # 116 117 118 119 120 121 122 123 124 125 126 127 128 129 130 131 # 129 128 127 126 125 124 123 122 
121 # 123 124 125 # 127 128 129 # 131 130 # 128 # 126 125 124 # 122 121 120 119 118 117 116 115 114 113 112 111 # 109 108 107 106 # 104 103 # 101 # 99 98 97 96 95 94 93 92 93 # 89 88 87 86 85 84 83 82 81 80 79 78 # 76 # 78 # 82 81 # 83 84 85 86 87 88 89 90 91 92 93 94 95 96 97 98 99 100 # 102 # # 105 106 107 108 # 110 111 112 113 114 115 116 117 118 119 120 121 122 # 124 125 126 127 128 129 130 131 130 129 128 127 126 125 124 123 122 121 
120 121 122 123 # 125 126 # 128 129 130 131 # 129 128 127 126 125 126 # 122 121 # 119 118 # # 115 114 113 # 113 # 109 108 # 106 105 104 # # 101 100 99 98 97 96 95 94 93 92 91 90 89 88 87 86 85 84 83 82 81 80 79 78 77 # 79 80 81 82 83 84 85 86 87 88 89 90 91 92 93 94 95 96 97 # 99 100 101 102 103 104 105 106 107 108 # 112 111 # 113 114 115 116 117 118 119 # 121 122 123 # # 126 127 128 129 130 # 130 129 128 127 128 # 124 123 122 121 120 
119 120 121 122 123 124 125 126 127 128 129 130 131 130 129 128 127 126 127 126 # 122 121 120 119 118 117 116 115 114 113 112 111 110 109 108 107 106 105 104 103 102 101 100 99 98 97 # # 94 93 92 91 90 89 88 87 86 85 84 83 82 81 80 79 78 79 80 81 82 83 84 85 86 87 88 89 90 91 92 93 # 95 96 97 98 99 100 101 102 103 104 105 106 107 108 109 110 111 112 113 114 115 # 117 118 119 120 121 122 123 124 125 126 127 128 129 130 131 130 # 128 127 126 127 128 # 124 # # 119 
118 119 120 121 122 123 124 125 126 127 128 129 130 131 # 129 128 127 126 125 124 123 122 121 120 119 118 117 116 # 114 113 # 111 110 # 108 107 106 105 104 103 102 # 100 99 98 99 # 95 94 93 92 91 90 89 88 87 86 85 84 83 82 81 80 79 80 81 82 83 84 85 86 87 88 89 90 91 92 93 94 95 96 97 98 # 100 101 102 103 104 105 106 107 108 # 110 111 112 113 114 115 116 117 118 119 # 121 # 123 124 125 126 127 128 129 130 131 130 129 128 127 126 125 # 129 # # 120 119 118 
117 118 119 120 121 122 123 124 # 126 127 128 129 130 131 # 129 # 127 126 125 124 123 122 121 120 119 # 117 116 115 114 113 112 111 # 109 108 107 106 105 104 103 102 101 100 # 98 97 96 95 94 93 92 91 90 89 88 87 86 85 84 83 82 81 80 81 82 83 84 85 86 87 88 89 90 91 92 93 94 95 96 97 98 99 100 101 102 103 104 105 106 107 108 109 110 111 112 113 114 115 116 117 118 119 120 121 122 123 124 125 126 127 # 129 130 131 130 129 128 127 126 # 124 123 # 121 122 # 118 117 
116 117 118 119 120 121 122 123 124 125 126 127 128 129 130 131 130 # 128 127 126 125 124 123 122 # # 119 118 117 116 115 114 113 # # 110 109 108 107 106 105 # 103 102 101 100 99 98 97 96 95 94 93 92 91 90 89 88 87 86 # 84 83 # 81 82 83 84 85 86 87 # 89 90 91 92 93 94 95 96 97 98 99 100 101 102 103 104 105 106 107 108 # 110 111 112 113 # 115 116 117 118 119 120 121 122 123 124 125 126 # 128 129 130 131 130 129 128 # 126 125 124 123 122 121 120 # 118 # 116 
115 116 117 118 119 # # 122 123 124 125 126 127 128 # 130 131 130 129 128 127 # 125 124 123 # 123 # 119 118 117 116 # 114 115 # 111 110 109 108 107 106 105 104 103 102 101 100 99 98 97 96 95 # 93 # 91 90 89 88 # 86 85 84 83 82 # 84 85 86 87 88 89 90 91 92 93 94 95 96 97 98 99 100 101 102 103 104 105 106 107 108 109 110 111 112 # 114 115 # 117 118 119 120 121 122 123 124 125 # 127 # 129 130 131 130 129 128 127 126 125 124 123 122 121 120 119 118 117 # 115 
114 115 116 117 118 119 120 121 122 123 124 125 126 127 128 129 130 131 130 129 128 127 126 # 124 123 122 121 120 # 118 117 118 # # 113 112 111 # # 108 107 106 105 104 103 102 101 100 99 98 97 96 95 94 93 92 91 90 89 88 87 86 85 84 83 84 85 86 87 88 89 90 91 # 93 94 95 96 97 98 99 100 101 102 103 104 105 106 107 108 109 110 111 112 # # 115 116 117 118 # # 121 122 123 124 125 126 127 128 129 130 # 130 129 # 127 126 125 124 123 122 121 120 119 118 117 116 115 114 
113 # 115 116 117 118 119 120 121 # 123 124 125 126 # # 129 130 131 130 129 # 127 126 125 124 123 122 121 122 # 118 117 116 115 114 113 112 111 110 109 108 107 106 105 104 103 102 101 100 99 98 97 96 95 94 93 92 91 90 89 # 87 86 85 84 85 # 87 88 89 90 # 92 93 94 95 96 97 98 99 100 101 102 103 104 105 106 107 108 109 110 111 112 # 116 117 116 117 118 119 120 121 # 123 124 # 126 127 # 129 130 131 130 129 128 127 # 125 # 123 122 121 120 # 118 117 116 117 # 113 
112 113 114 115 # 117 118 # 120 121 122 123 124 125 126 127 128 129 130 131 # 129 128 127 126 125 124 123 122 123 # 119 118 117 116 115 114 113 112 111 110 109 108 107 106 105 104 103 102 101 100 99 98 97 96 95 94 93 # 91 90 89 88 87 86 85 86 87 # # 90 91 92 93 # 95 96 # 98 99 100 101 102 103 104 105 106 107 108 109 110 111 112 113 114 115 116 # 118 119 120 121 122 123 124 125 126 127 128 129 130 131 # 129 128 127 126 125 124 123 122 # 120 119 118 117 116 115 # # 112 
111 112 113 114 115 116 # # 119 120 121 122 123 124 125 126 127 128 129 130 131 130 129 128 127 # 125 124 # 122 121 120 119 118 117 116 115 114 113 112 111 110 109 108 107 106 105 104 103 102 # 100 99 98 97 96 95 94 93 92 91 90 89 88 87 86 87 88 89 90 91 92 93 94 95 96 97 98 # 100 101 102 103 104 105 106 107 108 109 110 111 112 113 114 115 116 117 118 119 120 121 122 123 124 # 126 127 128 129 130 131 130 129 128 127 126 125 124 123 122 121 120 119 118 # 116 115 114 113 112 111 
110 111 112 113 114 # 120 119 118 # # 121 122 123 124 125 126 127 128 129 # 131 130 129 128 127 126 125 126 # 122 # # 119 118 117 116 # # # 112 111 110 109 108 107 106 105 104 103 102 101 100 99 98 97 96 95 # 93 92 91 90 89 88 87 88 # 90 91 92 93 94 95 96 97 98 99 100 101 102 103 104 105 106 107 108 109 110 111 112 113 114 115 # 117 # # # # 122 123 124 125 126 127 128 129 130 131 130 129 128 127 126 125 # 123 122 121 120 119 # 117 116 115 # 113 112 111 110 
109 # 111 112 113 114 # 118 117 118 # 120 121 122 123 124 125 126 127 # 129 130 131 130 # 128 127 126 125 124 123 122 121 120 119 118 117 118 # 114 113 112 111 110 109 108 107 106 105 104 103 102 101 100 99 # 97 96 95 94 93 92 91 90 89 88 89 90 91 92 93 94 95 # # 98 99 100 # 102 103 104 105 # 107 108 109 110 111 112 113 114 115 116 117 118 119 120 121 122 # 124 125 # 127 128 129 # 131 130 129 128 127 # 125 124 123 122 121 120 119 118 117 116 115 114 # 112 111 110 109 
108 109 110 111 # # 114 # 116 # 118 119 120 121 122 # 124 125 126 127 128 129 # 131 130 129 128 127 126 125 # # 122 121 120 119 118 # 116 115 114 113 112 111 110 109 108 107 # 105 104 103 102 101 100 99 98 # 96 95 94 93 92 91 90 89 90 91 92 93 94 95 # 101 100 99 # 101 102 103 104 # 106 107 108 109 110 111 112 113 114 115 116 117 118 119 120 121 122 # 126 125 126 127 128 # 130 131 130 129 # 127 126 125 124 123 122 121 120 119 118 117 116 115 114 113 112 111 110 109 108 
107 108 109 110 111 # 113 114 115 116 117 118 119 120 121 122 123 124 125 126 # 128 # # 131 130 # 128 127 126 125 124 123 122 # 120 119 118 117 116 115 114 113 112 111 # # 108 107 106 105 104 103 102 101 100 99 98 97 96 95 94 93 92 91 90 91 92 93 94 95 96 97 # 101 # 103 102 103 104 105 106 107 108 109 # 111 112 113 114 115 116 117 118 119 120 # 122 123 124 125 # # 128 129 130 131 # 129 128 127 126 125 124 123 122 121 # 119 # 117 116 115 114 113 112 111 110 109 108 107 
106 107 108 109 110 # 112 113 # 115 116 117 118 119 120 121 122 # 124 # 126 127 128 129 130 131 130 129 128 127 # 125 124 123 # 121 120 119 118 117 116 115 114 113 112 111 110 109 108 107 106 105 # 103 102 101 100 99 98 97 96 95 94 93 # 91 92 93 94 95 # 97 98 99 100 101 102 103 104 105 106 107 108 109 110 111 112 113 114 115 116 117 118 119 120 121 # 123 # 125 126 127 128 129 130 131 130 129 128 127 126 # 124 123 122 121 120 119 118 117 116 115 114 113 112 111 110 109 108 107 106 
105 106 107 108 109 110 111 # 113 114 115 116 117 118 119 120 121 122 123 # 125 126 127 128 129 130 131 130 129 128 # 126 125 124 123 122 121 120 119 118 117 116 115 114 113 112 111 110 109 108 107 106 107 # 103 102 101 100 99 98 97 96 95 94 93 92 93 94 95 96 97 98 99 100 101 102 103 104 # # 107 108 109 110 111 # # 114 115 116 117 118 119 120 121 122 123 124 125 # 127 128 129 130 131 130 129 130 # 126 125 124 123 122 121 120 119 118 117 116 115 114 113 112 111 110 109 # # 106 105 
104 105 106 107 # 109 110 111 112 113 114 115 116 117 118 119 120 121 122 123 124 125 126 127 128 129 130 131 130 129 128 127 126 125 124 123 122 121 120 119 118 117 116 115 114 # 112 111 # 109 108 107 106 105 104 103 102 101 100 99 98 97 96 95 94 93 94 95 96 97 # 99 100 101 # 103 # 105 106 107 # 109 110 111 112 113 114 115 116 117 118 119 120 121 122 123 124 125 126 127 128 129 130 # 130 129 128 # 126 125 124 123 # 121 120 119 118 117 116 115 114 113 112 111 110 109 108 107 106 # 104 
103 104 105 106 # 108 # # 111 112 113 114 115 116 # 118 119 120 121 122 123 124 125 # 127 128 129 130 131 130 129 128 127 126 125 124 123 122 121 120 119 118 117 116 115 # 113 112 111 110 109 108 107 106 105 # 103 102 101 100 99 98 97 96 95 94 95 96 97 98 99 100 101 102 103 # 107 106 107 # 111 110 111 112 # 114 # 116 117 118 119 120 121 122 123 124 125 126 127 128 129 # # # 129 128 127 126 125 124 123 122 121 120 119 118 117 116 115 114 113 112 # # # 108 107 106 105 104 103 
102 103 # 107 108 107 108 109 110 111 112 113 114 115 # 117 118 119 120 121 # 123 124 125 126 # 128 129 # 131 # 129 128 127 126 125 124 123 122 121 120 119 118 # 116 115 114 113 112 111 110 109 108 107 106 # 104 103 102 101 100 99 98 97 # 95 96 97 98 99 # 101 # 103 104 105 106 107 108 109 110 111 112 113 114 115 116 117 118 119 120 121 122 123 124 125 126 127 128 129 130 131 130 131 130 # 126 125 124 123 122 121 120 # # 117 116 115 114 # # 111 110 109 108 107 106 105 104 103 102 
101 102 103 # # 106 # # # 110 111 112 113 114 115 116 117 118 119 120 121 122 123 124 125 126 127 128 129 130 # 130 129 128 127 126 125 124 123 122 121 120 119 # 117 116 115 114 113 # 111 110 # 108 # 106 105 104 103 102 101 100 99 98 97 96 97 98 99 # # 102 103 # 105 # # 108 109 # 111 112 113 114 115 # 117 118 119 120 121 122 123 124 125 126 127 128 129 130 131 130 129 130 131 # 125 # 123 122 121 120 119 118 # 116 115 114 113 # 111 110 109 108 107 106 105 104 103 102 101 
100 # # 105 104 105 106 # 108 109 110 111 112 113 114 115 116 117 118 119 # 121 122 123 124 # 126 127 128 129 130 131 130 129 128 127 126 125 124 # 122 121 120 # 118 # 116 115 114 113 112 111 110 109 108 107 106 105 104 # 102 101 # # 98 97 98 99 100 101 102 103 104 105 106 107 108 # 110 111 112 113 114 115 116 117 118 119 120 121 122 123 124 125 126 127 128 129 130 131 # # 128 # # 125 124 123 122 121 120 119 118 117 116 115 114 113 112 111 110 109 108 # 106 105 # 103 102 101 100 
99 100 101 # 103 104 105 106 107 # # 110 111 112 113 114 115 116 117 118 # 120 121 # # 124 125 126 127 128 129 130 131 130 129 128 127 126 125 # 123 122 # 120 119 118 117 116 115 114 113 # # 110 109 # 107 # 105 104 103 102 101 100 99 98 99 100 101 102 103 104 105 106 # 108 109 110 # 112 # 114 # 116 117 118 119 # 121 122 123 124 125 126 127 128 129 130 131 130 129 128 127 126 125 124 # 122 121 120 119 118 117 116 115 114 113 112 111 110 109 # 107 106 105 104 103 102 101 100 99 
98 99 100 101 102 103 104 105 106 107 # 109 110 111 112 # 114 # 116 117 118 119 120 # 122 123 124 125 126 127 128 129 130 131 130 129 128 127 126 125 124 # 122 121 120 # 118 117 116 115 114 113 112 111 110 109 108 109 # 105 # 103 102 101 100 99 100 # 102 103 104 105 106 107 108 109 110 111 112 # 116 115 116 117 118 119 120 121 122 123 # # 126 127 # 129 130 131 130 129 128 127 126 125 124 123 122 121 120 119 # 117 116 115 # 113 112 111 # # 108 107 # 105 # 103 102 101 100 99 98 
97 98 99 100 101 102 103 104 105 106 107 108 109 110 # 112 113 114 115 116 117 118 119 120 121 122 123 124 125 126 127 128 129 130 131 130 # 128 127 126 125 # 123 122 # 122 # # 117 116 115 # 113 112 111 110 109 110 111 # . # 103 102 # 100 101 102 103 104 # 106 107 108 109 110 111 112 113 114 115 116 117 118 119 120 121 122 123 # 127 128 127 128 129 130 131 130 129 128 127 126 125 124 123 124 # 120 119 118 117 116 115 114 113 112 111 110 109 108 107 106 105 104 103 102 101 100 99 98 97 
96 97 98 99 100 101 # 103 # 105 106 107 108 109 110 111 # 113 114 115 116 117 # 119 120 121 122 123 124 125 126 127 128 129 # # 130 129 128 127 126 125 124 123 122 121 120 119 118 117 116 115 114 # 112 111 110 111 110 109 # 105 104 103 102 101 102 103 104 # 108 # 108 109 110 111 112 113 114 115 # 117 118 119 120 121 122 123 124 125 126 # 128 129 # # 130 129 128 127 126 125 124 123 122 # 120 119 118 # 116 115 114 113 112 111 110 # 108 107 # 105 104 103 102 101 100 99 98 97 96 
95 96 97 98 99 100 101 102 103 104 105 106 107 108 109 110 111 112 113 114 115 116 117 118 # 120 121 122 123 124 125 126 127 128 129 # 131 130 # 128 127 126 125 124 123 122 121 120 119 118 117 116 115 114 113 112 111 # 109 108 107 106 105 104 103 102 103 104 105 106 107 108 109 110 111 112 113 # 115 116 # 118 119 # # 122 123 124 # # 127 128 # 130 131 130 129 128 127 126 125 124 123 122 121 120 119 118 117 116 115 114 # 112 111 110 109 108 107 106 105 104 103 102 101 100 # 98 97 96 95 
94 95 96 97 98 99 100 101 102 103 104 105 106 107 108 # 112 111 112 # 114 115 116 117 118 119 120 121 122 123 124 125 126 127 128 129 130 131 130 129 128 127 # 125 124 123 122 # 120 119 118 # 116 115 114 113 112 111 110 109 108 107 106 105 104 103 # # 106 107 108 109 # 111 112 113 114 115 116 # 120 119 120 121 122 123 # 125 126 127 # 129 130 # 130 129 128 127 126 125 124 123 122 121 120 119 118 117 116 115 114 113 112 111 110 109 108 107 106 105 104 103 102 101 100 99 98 97 96 95 94 
93 94 95 96 97 98 # 100 101 102 # 104 105 106 # # # 110 111 # 113 114 # 116 117 118 119 120 121 122 123 124 125 126 127 128 129 130 131 130 129 128 # 126 125 124 # 124 # 120 119 118 117 116 115 114 113 112 111 110 109 # 107 106 105 104 105 106 # 108 109 110 # # 113 114 115 116 # 120 121 120 121 122 123 124 125 126 # 128 129 # 131 130 129 128 127 # 125 124 123 122 121 120 119 118 117 # 115 # 113 112 111 110 109 108 107 106 # # 103 102 101 100 99 98 97 96 95 94 93 
92 # 96 95 96 # 98 99 100 101 102 103 104 105 106 107 108 109 110 111 112 113 114 115 116 117 118 119 120 121 122 # # 125 126 # # 129 130 131 130 129 128 127 126 125 124 123 122 121 120 119 118 # 116 115 114 113 112 # # 111 # 107 106 105 # 107 108 109 110 111 112 113 114 # 116 117 118 119 120 # 122 123 # 125 126 127 128 # # 131 130 129 128 127 126 125 124 123 # 121 120 119 118 117 116 115 114 113 112 111 110 109 108 107 106 105 104 # 102 101 # 99 98 97 96 95 94 93 92 
91 92 # 94 95 96 97 98 99 # 101 102 103 104 105 106 107 108 109 # 111 112 113 114 115 116 117 118 119 120 # # 123 124 # 126 127 128 129 130 131 # # 128 # 126 125 124 123 122 121 120 119 118 117 116 115 114 113 112 111 110 109 108 107 106 107 108 109 110 111 112 113 114 115 116 117 118 119 120 121 122 123 124 125 126 127 128 129 130 131 130 129 # 127 126 125 124 123 122 121 # 119 118 117 116 115 114 113 112 111 110 109 108 107 106 105 104 103 102 101 100 99 98 97 96 95 # 95 # 91 
90 91 92 93 94 95 # 97 98 99 100 # 102 103 # 105 # 107 108 # 110 111 112 113 114 115 116 117 118 119 120 121 122 # 124 125 126 127 128 129 130 131 130 129 128 127 126 125 # 123 122 121 120 119 118 117 116 115 # 113 112 111 110 109 108 107 108 # 110 111 112 113 114 # 116 # 118 119 # 121 122 123 124 125 126 # 128 # 130 131 130 129 128 127 126 125 124 123 122 121 120 119 118 117 116 115 114 113 112 111 110 109 110 # 106 105 104 103 102 101 100 99 98 97 96 95 94 93 # 91 90 
89 90 91 92 93 94 95 96 97 98 99 100 101 102 103 104 105 106 107 108 109 110 111 112 113 114 115 116 117 118 119 120 121 122 123 124 125 126 127 128 129 # 131 130 129 128 127 126 125 124 # 122 121 120 119 118 117 116 115 114 113 112 111 110 109 108 109 110 111 # 113 114 115 # # 120 119 120 121 122 123 124 # 126 127 128 129 130 131 130 129 128 127 # 125 124 123 122 121 120 119 120 # 116 115 114 113 112 111 110 109 108 109 # 107 106 # 102 101 100 99 98 97 96 95 94 93 92 91 90 89 
88 89 # 91 92 93 94 95 96 97 98 99 100 # 102 103 104 105 106 107 108 109 110 111 112 113 114 115 116 117 118 119 120 121 122 123 124 125 126 127 128 129 # 131 130 129 # 127 126 125 124 123 # 121 120 119 118 # 116 115 114 113 112 111 110 109 110 111 112 113 114 115 116 117 118 119 # 121 122 123 124 125 126 127 128 129 130 131 130 129 128 127 126 125 124 123 122 121 120 # 118 # 116 115 114 113 112 111 110 109 108 107 # 105 # # 102 101 100 99 98 97 # 95 94 93 # 91 90 89 88 
87 88 89 90 91 92 93 94 95 96 97 98 99 100 101 102 103 104 105 106 107 108 109 110 111 112 113 114 115 116 117 118 119 120 121 122 123 124 125 126 127 128 129 # 131 130 129 128 127 # 125 124 # 122 121 120 119 # 117 116 115 114 113 112 111 110 # 112 113 114 115 116 # 118 119 120 121 122 123 124 125 # 127 128 129 130 131 130 # 128 127 126 # 124 123 122 121 120 119 118 117 116 115 114 113 112 111 110 109 108 107 106 105 104 103 102 101 100 99 98 97 96 95 94 93 92 93 92 # 88 87 
86 87 # 89 90 # 94 93 94 # 96 # 98 99 100 101 102 103 104 105 106 107 108 109 110 111 112 113 114 115 # 117 # 121 120 121 122 123 124 125 126 127 128 129 130 131 # 129 128 127 126 125 124 123 122 121 120 # 118 117 116 115 # 113 112 111 112 113 # 115 116 117 118 119 120 # 122 123 124 125 126 127 # # 130 # 130 129 # 127 126 125 # 123 # # 120 119 118 117 # 115 114 113 112 111 110 109 108 107 106 105 104 103 102 101 100 99 98 97 96 # 94 93 92 91 92 # 88 87 86 
85 86 # 88 89 # # 92 93 94 95 96 97 98 99 100 101 102 103 104 105 106 107 108 109 110 111 112 113 114 115 116 117 # 119 120 121 122 123 124 125 126 # 128 129 130 131 # 129 128 127 126 125 124 123 122 121 122 # 118 117 116 115 114 113 112 113 # 117 116 117 118 119 120 121 122 123 124 # 126 127 # 131 # 131 130 129 128 127 126 125 124 123 122 121 120 119 120 # 116 115 # 113 112 111 110 109 108 107 106 105 104 103 102 101 100 99 98 97 96 95 94 93 92 # 90 # 88 87 86 85 
84 85 86 87 # 89 90 91 # 93 # 95 # 97 98 99 100 101 102 103 104 105 106 # 108 109 110 111 112 113 114 115 116 117 118 119 120 121 122 123 124 125 126 127 128 129 130 131 130 129 128 127 126 125 124 123 122 121 120 119 118 117 # 115 114 113 114 115 116 117 # 119 120 121 122 123 124 125 126 127 128 129 130 131 130 129 128 127 126 125 # # 122 123 # 119 118 # 116 115 114 113 112 111 110 109 108 107 106 105 104 103 102 101 100 99 # 97 96 95 94 93 # 91 90 89 88 87 86 85 84 
83 84 85 86 87 88 89 90 91 92 93 94 95 96 97 98 99 100 101 102 103 104 105 106 107 108 109 110 # 114 113 114 115 116 117 118 119 120 121 122 123 # # 126 # 128 129 130 131 130 129 128 127 126 125 124 123 122 121 # 119 118 117 116 115 114 115 # 117 # 121 120 121 # 123 124 125 126 # 128 129 130 131 130 129 128 127 126 # 124 123 122 121 # 119 118 117 116 115 114 # 112 111 110 109 108 107 106 105 104 103 102 101 100 99 98 97 96 95 94 93 92 91 90 89 # 87 86 85 84 83 
82 83 # 85 86 87 88 89 90 91 92 93 # 95 96 97 98 99 100 101 102 103 104 105 106 107 108 109 # 113 112 113 114 115 116 117 # 119 120 121 122 # 124 125 126 127 128 129 130 131 130 129 # 127 126 125 124 123 # 121 120 119 118 117 116 115 116 117 118 119 120 121 122 123 124 125 # 127 128 # 130 131 132 # # 127 # 125 124 123 122 121 120 119 118 117 116 115 114 113 112 111 110 109 108 107 106 105 104 103 102 101 100 99 98 97 96 95 94 93 92 91 90 89 88 # 86 85 84 83 82 
81 82 83 84 85 86 87 # 89 90 91 # 93 94 95 96 97 98 99 100 101 102 103 104 105 106 107 108 109 # 111 112 113 114 115 116 117 118 119 120 121 122 123 124 125 126 127 128 # 132 131 130 129 128 127 # 125 124 123 122 # 120 119 # # 116 117 118 # 120 121 122 123 124 125 126 127 128 # . # 130 # 128 127 126 125 124 123 122 121 120 119 # 117 116 115 # # 112 111 # 109 # 107 106 105 104 103 102 101 100 99 98 97 96 95 94 93 92 91 90 89 # 87 86 85 84 83 82 81 
80 81 82 83 84 85 86 87 88 89 90 91 92 93 94 95 96 97 98 99 100 101 102 103 104 # 106 107 108 109 110 111 112 113 114 115 116 117 118 # 122 123 124 125 # 125 126 127 # 133 # 131 # 129 128 127 126 # 124 123 122 121 120 # 118 117 118 119 120 121 122 123 124 125 126 127 128 129 130 # 130 129 128 127 126 125 124 123 # 121 # 119 118 117 # 115 114 # 112 111 110 109 108 107 106 105 104 103 # 101 100 99 98 97 96 95 94 93 92 91 90 # 88 87 86 85 84 83 82 81 80 
79 80 81 82 83 84 85 # # 88 89 90 91 92 93 94 95 96 97 98 99 100 # # 103 104 105 106 107 108 109 110 111 112 113 114 # 116 117 # # # 125 126 # 124 # 126 127 # 129 130 # # 129 128 127 128 # 124 123 122 # 120 119 118 119 120 121 # # 124 125 # 127 128 129 # 131 130 129 128 127 126 125 126 # 122 121 120 119 # 117 116 # 114 113 112 111 110 109 108 107 106 105 # 103 102 # 100 101 # 97 96 95 94 93 92 91 90 89 88 # 86 85 84 83 82 81 80 79 
78 79 # 81 82 83 84 85 86 87 88 89 90 91 92 93 94 # 96 97 # # 100 101 102 103 104 105 106 # 108 109 110 # 112 113 114 115 116 117 118 119 # # 122 123 124 125 126 127 128 129 130 131 130 129 128 127 126 125 124 123 122 121 120 119 120 # 122 123 124 125 126 127 128 129 130 131 130 129 128 127 126 125 124 125 # 121 120 119 118 117 116 115 114 113 112 111 # # 108 107 106 105 104 103 102 101 # 99 # 97 96 95 94 93 92 91 90 89 88 87 86 85 84 # 82 81 80 79 78 
77 # 79 80 81 # 83 84 85 86 87 88 89 90 91 92 93 94 95 96 97 98 99 100 101 102 103 104 105 106 107 108 109 110 111 # 115 # 117 116 117 118 119 120 121 # 125 126 127 126 127 128 129 130 131 130 129 128 127 126 125 124 123 122 121 120 # 124 123 124 125 126 127 128 # 130 131 130 129 128 127 126 125 124 123 # 121 120 119 118 117 116 115 114 113 112 111 110 109 108 107 106 105 104 103 # 101 100 99 98 # 96 95 94 # # 91 90 89 88 87 86 85 84 83 82 81 80 79 78 77 
76 77 78 79 80 81 82 83 84 85 86 87 88 89 90 91 92 93 # # # # 98 # 100 101 102 103 104 105 106 107 108 109 110 111 # # # 115 116 117 118 119 # 121 # # 126 125 # 127 128 129 130 131 130 129 128 127 126 125 124 123 122 121 # 125 124 125 126 127 128 129 130 131 130 129 128 127 # 125 126 # 122 121 120 119 118 117 116 115 114 115 # 111 110 109 108 107 106 105 104 103 102 101 100 99 98 97 96 95 94 93 92 91 90 89 88 87 86 85 84 83 82 81 # 79 78 # 76 
75 76 77 78 79 80 81 82 83 84 85 86 87 88 89 90 91 92 93 94 95 # 97 98 99 100 # 102 103 104 105 106 107 108 # 110 111 112 113 114 115 # 117 118 119 120 121 122 # 124 125 126 127 128 129 # 131 130 129 128 127 126 125 124 123 122 123 124 125 126 127 128 129 130 # 130 129 # 127 126 125 124 # 122 121 120 119 118 117 116 115 114 113 # 111 110 109 108 # 106 105 104 103 102 101 100 99 98 97 96 95 94 93 # 91 90 # 88 87 86 85 84 83 82 81 80 79 78 77 76 75 
74 75 76 77 78 79 80 81 82 83 84 85 86 # 88 # 90 # # 93 94 # 96 97 # 101 100 101 102 103 # 105 106 107 108 109 # # 112 113 114 115 116 117 118 119 # # 122 123 # 125 # 129 130 129 130 131 130 129 128 127 # 125 124 123 124 125 126 # 128 129 # 131 130 129 128 127 126 125 124 123 # # 120 119 118 117 116 115 # 113 112 111 110 109 108 107 106 # 104 103 102 101 100 99 98 97 96 # 94 93 92 # 90 89 88 # 86 85 84 83 82 81 80 79 78 77 76 75 74 
73 # 77 76 77 78 79 80 81 82 83 84 # 88 87 # 89 90 91 92 93 94 95 96 97 # 99 100 101 # 103 104 # # 107 108 109 110 111 112 113 114 115 # 117 118 119 120 121 122 123 124 # # # 128 129 130 131 130 129 # 127 126 125 124 # # 127 128 129 130 131 130 129 128 127 126 125 # 123 122 121 120 119 118 # 116 # 114 113 112 111 110 109 108 107 106 105 104 103 102 101 100 99 98 97 96 95 94 95 # 91 90 89 88 87 # 85 84 83 82 81 80 79 78 77 76 75 74 73 
72 73 # 75 76 77 78 79 80 81 82 83 # # 86 # 88 89 # 91 # 93 94 95 96 97 98 99 100 101 102 # 104 105 106 107 108 109 110 111 112 113 114 115 116 117 118 119 120 121 122 123 124 125 126 127 128 129 130 131 130 # 128 127 126 125 126 127 128 129 130 131 130 131 130 # # 125 124 123 122 121 122 # 118 117 # 115 114 113 112 111 110 109 108 107 106 105 104 103 # 101 100 99 98 97 # 95 94 93 # 91 90 89 88 # 86 85 84 83 82 81 80 79 78 77 76 75 74 73 72 
71 # 73 74 75 76 77 78 79 80 81 82 83 84 85 86 87 88 89 90 91 92 93 94 # 98 97 98 99 100 101 102 103 104 105 106 107 108 109 110 111 112 113 114 115 116 # # # 120 121 # 123 # 125 126 127 128 129 # 131 130 129 128 127 126 127 128 129 130 # 130 129 # 129 # 125 # 123 122 121 120 # 118 117 116 115 114 113 112 # 110 109 # 107 106 105 104 103 102 101 100 99 # 97 96 95 94 93 92 91 90 89 88 87 86 85 84 83 82 81 80 79 78 77 76 75 74 73 72 71 
70 71 72 73 74 75 76 77 78 79 # 81 82 83 84 85 86 # 88 89 90 91 # 93 94 # 96 97 98 99 # # 102 103 104 105 106 107 108 109 110 111 # 113 114 115 116 117 118 119 120 121 122 # 124 # 126 127 128 129 130 131 130 129 128 127 128 129 130 131 130 129 128 127 128 # 124 123 122 121 120 119 118 117 116 115 114 113 112 111 110 109 108 # 106 105 104 103 # 101 100 99 98 97 # 95 94 93 92 91 90 # 88 87 86 85 84 83 82 81 80 79 # 77 76 75 74 73 72 71 70 
69 70 71 72 73 74 75 76 77 78 79 80 81 82 83 84 85 86 87 88 89 90 91 92 93 # 95 96 97 98 99 # 101 102 103 104 105 # 107 108 109 110 111 112 113 114 115 116 117 118 119 120 121 122 123 124 125 126 127 128 129 130 # 130 129 128 129 130 131 130 129 130 # 126 # 124 123 122 # 120 119 118 117 116 115 114 113 112 111 110 109 108 107 106 105 104 103 102 101 100 99 98 97 96 95 94 93 # 91 90 89 88 87 # 85 84 83 82 81 80 79 78 77 76 75 74 73 72 71 70 69 
68 69 70 71 72 73 74 75 # 77 78 79 80 81 82 83 84 # 86 87 88 89 90 91 92 93 94 95 96 97 98 99 100 101 102 103 104 105 106 107 108 109 110 # # 113 114 115 116 117 118 119 120 121 122 123 124 125 126 127 # 131 # 131 # 129 130 131 130 129 128 # 126 125 124 123 122 121 # 119 118 117 116 115 114 # 112 111 # 109 108 107 106 105 104 103 102 101 # 99 98 97 96 95 # 93 92 91 90 89 88 87 86 85 84 83 82 81 80 79 78 77 # 75 74 73 72 71 70 69 68 
67 68 69 70 71 72 73 74 75 76 77 78 79 80 81 # # 84 85 86 87 88 89 90 91 92 93 # 95 96 97 98 99 100 101 102 103 104 105 106 107 108 109 110 111 112 113 114 115 116 117 118 119 120 121 # 123 124 125 126 127 # 129 130 131 130 # 130 129 128 127 126 # 124 # 122 121 120 119 118 117 116 115 114 113 112 111 110 109 108 107 106 105 104 # 102 101 100 99 98 97 96 95 94 93 92 91 90 # 88 87 86 85 84 83 82 81 80 79 78 77 76 75 74 # 72 71 70 69 68 67 
66 67 68 69 70 71 72 73 74 75 76 77 78 79 80 81 82 83 84 85 86 87 88 89 90 91 92 93 94 95 96 97 98 99 100 101 102 103 104 105 106 107 108 109 110 111 112 113 114 115 116 117 118 119 120 121 122 123 124 125 126 127 128 129 130 S 130 129 128 127 126 125 124 123 122 121 120 119 118 117 116 115 114 113 112 111 110 109 108 107 106 105 104 103 102 101 100 99 98 97 96 95 94 93 92 91 90 89 88 87 86 85 84 83 82 81 80 79 78 77 76 75 74 73 72 71 70 69 68 67 66 
67 68 69 70 71 72 73 74 75 76 77 78 79 80 81 82 83 # # 86 87 88 # 90 91 92 93 # 95 96 97 98 99 100 101 102 103 104 # 106 107 # # 110 111 # # 114 115 116 117 118 119 120 121 122 123 # 125 126 127 128 129 130 # 130 131 # 129 128 127 126 125 124 123 122 121 120 119 118 117 116 # # 113 112 111 # 109 # 107 106 105 104 103 102 # 100 99 98 97 96 95 # 93 92 91 90 89 88 # 86 85 # 83 82 81 80 79 78 77 # 75 74 73 72 71 70 69 68 67 
68 69 70 71 72 73 74 75 76 77 # 79 80 81 82 83 84 85 86 87 # 89 # 91 92 93 # 97 96 # 98 99 100 101 # 103 # 105 106 107 108 109 110 111 112 113 114 115 116 117 # 119 120 # 122 123 # 127 126 127 128 129 130 131 130 129 130 131 # 129 128 127 126 125 124 123 122 121 120 119 118 117 # 115 114 113 112 111 110 109 108 107 106 105 # # 104 # 100 99 98 97 96 95 94 93 92 91 90 # 88 87 86 85 84 83 82 # # 79 78 77 76 75 74 73 72 71 70 69 68 
69 70 71 72 73 74 75 76 # 78 79 80 81 82 83 84 85 86 87 88 89 # 93 # 93 94 95 96 97 98 99 100 101 102 # 104 105 # # 108 # 110 # 112 113 114 115 116 117 118 119 120 121 122 123 124 125 126 # 128 129 130 131 130 # 128 129 130 131 130 129 # 127 126 125 # 123 122 121 # 119 118 117 116 # 114 113 112 111 110 109 # 107 106 105 104 103 102 101 100 # 98 97 96 95 94 93 92 91 90 89 88 87 86 # 84 83 82 81 80 79 78 # 76 75 74 73 72 71 70 69 
70 71 72 73 74 75 76 77 78 79 # 81 82 83 84 85 86 87 88 89 90 91 92 93 94 95 # 97 98 # 100 101 102 103 104 105 106 107 108 109 110 111 112 113 114 115 116 # # 119 120 121 122 123 # 125 126 127 128 129 130 131 130 129 128 127 128 # 132 131 130 131 # # # 125 124 123 122 # 120 119 118 117 116 115 114 113 112 111 110 109 108 # 106 105 104 103 102 101 100 99 98 97 96 95 94 93 92 91 # 89 88 87 # 85 84 83 82 81 80 79 78 77 76 75 74 73 72 71 70 
71 # 73 74 75 76 77 78 79 80 81 82 83 84 85 86 # 88 89 90 91 92 # # 95 # 99 98 99 100 # 102 103 104 # 106 107 # 109 # # 112 113 114 115 116 117 118 119 120 121 122 123 124 125 126 127 128 129 130 131 130 129 128 # 126 # 132 131 130 131 # 129 128 127 126 125 124 123 # 121 # 119 118 117 116 115 114 113 112 111 110 109 110 # 106 105 104 103 102 101 100 99 # 97 96 95 94 93 # 91 90 # # 87 86 85 # # 82 81 80 79 78 77 76 75 74 73 72 71 
72 # # 75 76 77 78 79 80 81 82 83 # 85 86 87 88 89 90 91 92 93 94 95 96 97 98 99 100 101 102 103 # # 108 107 108 109 110 # 114 113 114 115 # 117 118 119 120 121 122 123 # 125 126 127 128 129 130 131 130 129 128 127 126 125 # # 130 129 130 131 130 129 128 # 126 125 124 123 122 121 120 119 118 117 116 115 114 113 112 111 110 111 110 # 106 105 104 103 102 101 100 99 98 97 96 # 94 93 92 91 90 89 88 # 86 85 84 83 # 81 80 79 78 77 76 75 74 73 72 
73 74 75 76 77 78 79 80 81 82 83 84 # 86 87 # 89 90 91 # 93 94 95 96 97 # 99 100 101 102 # 104 105 106 107 108 109 110 111 112 113 114 # 116 # 118 119 120 121 122 123 # 127 # 127 128 # 130 131 130 129 128 127 126 125 124 # . # 128 129 130 131 # 129 128 127 126 125 124 123 122 121 120 119 118 117 116 115 114 113 112 # # 109 108 107 106 105 104 103 102 101 100 99 98 # 96 95 94 93 92 91 90 89 88 87 86 85 84 83 82 81 80 79 78 77 76 75 74 73 
74 75 76 77 78 79 80 81 82 83 84 85 86 # 88 89 # 91 92 93 # 95 96 97 98 # 100 101 102 103 104 105 # 107 108 109 110 111 112 # 114 115 116 117 118 119 120 121 122 123 124 125 126 127 128 129 130 131 130 129 128 127 # 125 124 123 124 # 126 127 128 129 130 131 # # # 127 126 125 124 123 122 121 120 119 118 # 116 115 # 113 # 111 110 # 108 107 106 # # 103 102 101 100 # 98 97 # 95 94 93 92 91 90 89 88 87 86 85 84 83 82 81 80 79 78 77 76 75 74 
75 76 77 # 79 80 81 82 83 84 85 86 87 # 89 90 91 92 93 94 95 96 97 98 # 102 101 # 103 104 105 106 107 108 109 110 111 112 113 114 115 116 117 118 119 120 121 122 123 124 125 126 127 # # 130 131 130 129 128 127 126 125 124 123 122 # 126 125 126 127 128 129 # 131 130 129 128 127 126 125 124 123 122 121 120 # 118 117 # . # 113 112 111 110 109 # # 106 105 104 103 102 101 100 99 98 97 96 95 # 93 92 # 90 # 88 87 86 85 84 83 82 81 # 79 78 # 76 75 
76 77 78 79 # 81 # 83 84 85 86 87 88 89 90 # # 93 94 95 96 97 98 99 100 101 102 103 104 105 106 107 108 109 110 111 112 113 114 # 116 # 118 # 120 # 122 123 # 125 126 127 128 129 # 131 130 # 128 127 126 127 # # 122 121 122 # 124 125 126 127 # # 132 131 130 # 128 # 126 125 124 # 122 121 120 119 118 119 # 115 114 113 112 111 110 109 108 107 106 105 104 103 102 101 100 99 98 97 96 95 94 # 92 91 90 89 88 87 86 85 84 83 82 81 80 79 78 77 76 
77 78 79 80 81 # # 84 85 86 87 88 89 90 91 92 93 94 95 96 97 98 99 100 101 # 103 104 105 106 107 108 109 110 111 112 # 114 115 116 117 118 # # 121 122 123 124 125 # # 128 129 130 131 130 129 128 127 126 125 # 123 # 121 120 # 124 123 124 125 126 127 128 # 130 # 130 129 130 # 126 125 124 123 122 121 120 119 120 # 116 115 114 113 112 111 110 # 108 107 106 105 104 103 102 101 100 99 # 97 96 95 96 # 92 91 90 89 88 87 86 85 84 83 # 81 # 79 78 77 
78 79 80 81 82 83 84 85 86 87 88 89 90 91 92 93 94 95 96 97 98 99 100 101 102 103 104 # 106 107 108 109 110 111 112 113 114 115 # 117 118 119 # 123 122 123 124 125 126 # 130 # 130 131 # 129 128 127 126 125 124 123 122 # 120 119 120 # 122 123 124 125 126 127 128 129 130 131 130 129 128 127 126 125 124 123 122 121 120 119 118 117 116 115 114 113 112 111 112 # 108 # 106 # 104 103 102 # 100 99 98 97 96 # 94 93 92 91 90 89 88 87 86 85 # 83 82 83 # # 78 
79 80 81 82 83 84 85 86 87 88 89 90 91 92 93 94 95 96 97 98 99 # 101 102 # # 105 # # 108 109 110 111 112 # 114 115 116 117 118 119 # 123 124 123 124 125 126 127 128 129 # 131 130 # # 127 128 127 # 123 122 121 120 119 118 119 120 121 122 123 124 125 126 127 # 129 # 131 # 129 128 127 126 125 124 123 122 # 120 119 # 117 116 115 # 113 112 111 110 109 108 107 106 105 104 103 # 101 100 99 # 97 96 95 94 93 92 91 90 89 88 87 86 85 84 83 82 81 80 79 
80 81 82 83 84 85 86 87 88 89 # 91 92 93 94 95 96 97 98 99 # 103 102 # 106 107 106 107 108 # 110 111 112 113 114 115 116 # 118 119 120 121 122 # # # 126 127 128 129 130 131 # 129 128 127 126 127 # 123 122 121 120 119 118 117 118 119 # 121 122 123 124 125 126 # 128 129 130 131 130 129 128 127 126 125 124 123 122 121 120 # 118 117 116 115 114 113 112 111 110 # 108 107 106 105 104 103 102 101 100 # 98 97 96 95 94 93 92 91 90 89 88 87 86 85 84 83 82 81 80 
81 82 83 84 85 86 87 # # 90 91 # 93 94 95 96 97 98 99 100 101 102 103 104 105 106 # 108 109 110 111 112 113 114 115 116 # 120 119 120 121 122 # 130 129 128 127 128 129 130 # 130 129 128 # # 125 # # # 121 120 119 118 117 116 117 118 119 120 121 # 123 # 125 126 127 128 129 130 131 130 129 128 # # 125 124 123 122 121 120 119 118 117 116 115 114 113 112 111 110 109 108 107 106 105 104 103 102 101 100 99 98 97 96 95 94 93 92 91 90 89 88 87 86 85 # 83 82 81 
82 83 # 85 86 87 88 89 # 91 92 93 94 95 96 97 98 99 100 101 102 103 104 105 106 107 108 # 110 # 112 113 114 115 116 117 118 119 120 121 # 123 124 # 128 129 # # 130 131 130 129 # 127 126 125 124 123 122 121 120 119 118 117 116 115 116 117 # 119 120 121 122 123 124 125 126 127 128 129 130 131 130 # 128 127 126 125 124 123 122 121 120 # # 117 116 115 114 113 112 111 110 109 # # # 105 # 103 102 101 100 99 98 97 96 95 94 93 # 91 90 89 88 # # 85 84 83 82 
83 # 87 86 87 88 # 90 91 92 93 94 # 96 97 98 99 100 101 102 103 104 105 106 107 108 109 110 111 112 # 114 115 116 # 118 119 120 121 122 123 124 125 126 127 # 131 132 131 130 129 128 127 126 125 # 123 122 121 122 # 118 117 116 115 114 115 116 117 118 119 120 121 122 123 # 125 126 127 128 129 130 131 130 129 # # 126 125 124 123 122 121 # 119 118 117 # 115 114 113 112 111 110 109 108 107 106 # 104 103 102 101 100 99 98 97 # 95 # 93 92 91 90 89 90 91 # 85 84 83 
84 85 86 87 88 89 90 91 92 93 94 95 96 97 # 99 100 101 102 103 104 105 106 107 108 109 110 111 112 113 114 115 116 117 118 119 120 121 # # 124 125 126 127 128 129 130 # # 129 128 127 126 125 124 123 # 121 120 # 118 117 116 115 114 113 114 115 116 # 120 119 120 121 122 # 124 125 126 127 128 129 130 131 130 129 128 127 126 125 124 123 122 121 120 119 118 117 116 115 114 113 112 111 110 109 108 107 106 105 104 103 102 101 100 99 98 97 96 95 94 93 92 91 90 91 92 93 # 85 84 
85 86 87 # 89 90 # 92 93 94 95 96 97 # 101 100 101 102 103 104 105 106 107 108 109 110 111 # 113 114 115 116 # # 119 120 121 122 123 124 125 126 127 128 # 130 # 130 129 128 127 126 125 124 # 122 121 120 119 118 117 116 115 114 113 112 113 114 115 116 # 118 119 120 121 122 123 124 125 126 127 128 129 130 131 130 129 # # # 125 124 123 # 121 120 119 118 # 116 115 114 113 112 111 # 109 108 107 106 105 104 103 102 101 # 99 98 97 96 95 # 93 92 91 92 93 # 87 86 85 
86 87 88 89 # 91 92 93 94 95 96 97 98 99 100 # 102 103 104 105 106 107 108 109 110 111 # 115 114 115 116 117 118 119 120 121 122 # 124 125 126 127 128 # 132 131 130 129 128 127 126 125 124 123 122 121 120 119 # 117 116 115 114 113 112 111 # # 114 115 116 117 118 119 120 121 122 123 124 125 126 127 128 129 130 131 130 131 132 133 # 125 124 # 122 # 120 119 118 117 116 115 114 113 112 111 110 109 108 107 106 105 104 103 102 101 100 99 98 97 96 95 94 93 92 93 92 # 88 87 86 
87 # 89 90 91 92 93 94 # 96 97 98 99 100 101 102 103 104 105 106 107 108 109 110 111 112 113 114 115 116 117 118 119 120 121 122 123 124 125 126 127 128 129 130 131 130 # # 127 # 125 124 123 122 121 120 119 118 117 116 115 114 113 112 111 110 111 112 113 114 115 116 117 118 119 120 # 122 123 124 125 126 # 130 # 130 131 # 133 # 127 126 125 124 123 122 121 120 119 118 # # 115 114 113 112 111 110 109 108 107 106 105 104 103 102 101 100 99 98 97 96 95 94 93 # 91 90 89 # 87 
88 89 90 91 92 93 # 95 96 97 98 99 100 101 102 # 104 105 106 107 108 109 110 111 112 113 114 115 116 # 118 119 120 121 122 123 124 125 126 127 128 # 130 # 130 129 128 127 126 125 124 123 122 121 120 119 # 117 # 115 # 113 112 111 110 109 110 111 112 113 114 115 116 117 118 119 120 121 122 123 # 125 # # 128 129 130 131 132 133 # 127 # 125 124 123 122 121 120 119 118 117 116 115 114 113 112 111 110 109 108 107 # 105 104 103 102 # 100 99 # 97 96 # 94 93 92 91 90 89 88 
89 # 91 92 93 94 95 96 97 98 99 # # 102 103 104 105 106 # 108 109 110 111 112 113 114 115 116 117 118 119 120 # 122 123 124 125 126 127 128 129 130 131 130 # 128 127 126 125 124 123 124 # 120 119 118 117 116 115 114 # 112 111 110 109 108 # # 113 112 # # # 116 117 118 119 120 # 122 123 124 125 126 127 128 129 130 131 132 # 128 127 126 125 124 123 122 121 120 119 118 117 116 115 114 113 112 111 110 109 108 107 106 # 104 # 102 101 100 99 98 97 96 95 94 93 92 91 90 89 
90 91 92 93 # # 96 97 98 99 100 101 102 103 104 # 106 107 108 109 110 111 112 113 114 115 116 117 118 119 120 121 122 123 124 125 126 127 128 129 130 131 130 129 128 # 126 125 124 123 122 # # 119 118 117 116 115 114 113 112 # 110 109 108 107 108 109 # 111 112 113 114 115 116 117 118 # 122 121 122 123 124 125 126 127 128 129 130 131 130 129 128 127 # 125 124 123 # 121 120 119 118 117 116 115 114 113 112 111 110 109 108 107 106 105 104 103 102 101 100 # 98 97 96 95 94 93 92 91 90 
91 92 93 94 95 96 97 98 99 100 101 102 103 104 105 106 107 108 # 110 111 112 113 114 115 116 117 118 119 120 121 122 123 124 # # 127 128 129 130 131 130 129 128 127 126 125 124 123 122 121 # # 118 117 116 115 116 # 112 111 # 109 # 107 106 107 108 109 110 111 112 # 114 115 116 117 118 # 120 121 122 123 124 # 126 127 128 129 130 131 130 129 # 127 126 125 # 123 122 # 120 119 118 117 116 115 114 113 112 # 110 # 108 107 106 105 104 # 102 101 100 99 98 97 # 95 # 93 92 91 
92 93 94 95 96 97 98 99 100 101 102 103 104 105 106 107 108 109 # 111 112 113 114 115 116 117 118 119 120 121 122 123 # # 128 129 # 129 130 131 130 129 128 127 126 125 124 123 122 121 120 119 # 117 116 115 114 # 112 111 110 109 108 107 106 105 106 # # 109 110 # 112 113 114 115 116 117 118 119 120 121 # 123 124 125 126 127 128 # 130 131 130 131 # 127 126 125 124 123 122 121 120 119 118 117 116 115 114 113 112 111 # # 108 107 # 105 106 # 102 101 100 99 98 99 # 95 94 # 92 
93 94 95 96 97 98 99 100 101 # # # 105 106 107 108 109 110 111 # 113 114 115 116 117 118 119 120 121 122 123 124 125 126 127 128 # 130 131 130 129 # # 126 125 124 123 124 # 120 119 118 # 116 115 114 113 112 111 110 109 108 107 106 # 104 105 106 107 108 109 110 111 112 113 114 115 116 117 118 119 120 121 122 123 124 125 126 127 128 129 130 131 132 # 128 127 126 # 124 123 122 121 120 119 118 117 116 115 114 113 112 111 110 109 # 107 106 105 104 103 102 101 100 99 98 97 96 95 94 93 
94 95 96 # 98 99 100 101 102 103 # 107 106 107 # 109 110 111 # 115 114 115 # 117 118 119 120 121 122 123 124 125 126 127 128 129 130 131 130 129 128 127 # 125 124 123 122 # 120 # 118 117 116 115 114 113 # 111 110 # 108 107 # 105 104 103 # 105 106 107 108 # 110 111 # 113 114 115 116 117 118 119 120 121 122 123 124 125 126 127 128 129 130 131 132 # 128 127 126 125 124 123 122 121 120 119 118 117 116 115 # 113 112 111 110 109 108 107 106 105 104 103 102 101 100 99 98 97 # 95 94 
95 96 97 98 99 100 101 102 103 104 105 106 107 108 109 110 111 112 113 114 115 116 # 118 119 120 121 122 123 124 125 126 127 128 129 130 # # 129 128 # 126 125 124 123 # 121 120 119 # 117 116 115 114 113 112 111 110 109 108 107 106 105 104 # 102 103 104 105 106 107 108 109 110 111 112 113 114 115 116 117 118 119 120 # 122 123 # 127 126 127 128 129 130 131 # 129 128 127 126 125 124 123 122 121 120 119 118 117 116 # # # 112 111 110 109 108 107 106 105 104 103 102 101 100 99 98 99 # 95 
96 97 # 99 100 101 102 103 104 105 106 # 108 # 110 111 112 113 114 115 116 117 118 119 120 121 # 123 124 125 126 127 128 129 130 131 130 129 128 127 126 # 124 123 122 121 120 119 118 # # 115 114 113 112 111 110 109 108 107 106 105 104 103 102 101 102 103 104 105 106 107 108 # 110 111 112 113 114 115 116 117 118 119 120 121 122 123 # 125 126 127 128 129 130 131 130 129 128 127 126 125 124 123 122 121 120 # 118 117 # 117 116 # 112 111 110 109 108 107 106 105 104 103 102 # 100 99 98 97 96 
97 # 101 100 101 102 103 104 105 106 # 110 109 110 111 112 113 114 115 116 117 118 119 120 121 122 123 124 125 126 127 128 129 130 131 130 129 128 127 126 125 # 123 122 121 120 119 118 117 116 115 114 113 112 111 110 109 108 107 106 105 104 103 102 101 100 101 102 103 104 105 106 107 108 109 110 111 112 113 114 115 116 117 118 # 120 121 122 123 124 125 126 127 128 129 # 131 130 129 128 127 126 125 # 123 122 121 120 119 118 117 116 115 114 113 112 111 # 109 # 107 106 105 104 103 102 101 # 99 98 97 
98 99 100 101 102 103 104 105 106 107 108 109 110 # 112 113 # 115 116 117 118 # 120 121 122 123 124 125 # 127 128 129 130 131 130 129 # 127 # 125 124 123 122 121 120 119 118 117 116 115 114 113 112 111 110 109 108 107 106 105 104 103 102 101 100 99 100 101 102 103 104 105 # # 108 109 110 111 112 113 114 115 116 117 118 119 120 121 122 123 124 125 126 127 128 129 130 131 130 129 128 127 126 125 124 # 122 121 120 119 # 117 116 115 114 113 112 # 110 109 108 107 106 105 104 103 102 101 100 99 98 
99 # 101 # 103 104 105 # 107 108 109 # 111 112 113 114 # 116 117 118 # 122 121 122 123 124 125 # 129 128 129 130 131 130 129 128 127 126 125 124 123 122 121 120 # 118 117 # 115 114 113 112 111 110 109 # 107 106 # 104 # # 101 100 99 98 99 100 101 102 103 104 105 106 107 108 # 110 111 112 113 114 115 116 117 118 119 120 # 122 123 124 125 # 127 128 129 130 131 130 129 # 127 126 125 124 123 122 121 120 119 118 117 116 # 114 113 112 111 # 109 108 107 106 105 104 103 102 101 # 99 
100 101 102 # 104 105 106 107 108 109 110 111 112 113 114 115 116 # 118 119 120 121 # 123 124 125 126 127 128 129 130 131 130 129 128 127 126 125 124 123 122 121 120 119 118 117 116 115 114 113 112 # 110 109 108 107 106 105 104 103 # # 100 99 98 97 98 99 100 101 102 # # 105 106 107 108 109 110 111 112 113 114 # 116 117 118 119 120 121 122 123 124 125 126 127 128 129 130 131 130 129 128 127 126 125 124 123 122 121 120 119 118 117 # 115 114 113 112 113 # 109 108 107 106 105 104 103 # 101 100 
101 102 103 104 # 106 107 108 109 110 111 # 113 114 115 116 # 120 119 120 121 122 123 # 125 126 127 128 129 130 131 130 129 128 127 126 125 124 123 122 121 120 119 # 117 116 115 114 113 112 111 110 109 # 107 106 105 104 103 102 101 # # 98 97 96 97 98 99 100 101 102 103 104 105 106 107 108 109 110 111 112 113 114 115 116 # 118 119 120 121 122 123 124 125 126 127 128 129 130 131 130 129 128 127 # # # 123 122 121 120 119 118 117 116 # # # 112 111 110 109 108 107 106 # 104 103 102 101 
102 103 104 105 106 107 108 109 110 111 # 115 114 115 # 117 118 119 120 121 122 # 124 125 126 127 128 129 130 131 # 129 128 127 126 125 124 123 122 121 120 # 118 117 116 115 114 113 112 111 110 # 108 107 106 105 104 103 102 # 100 99 98 97 # 95 96 97 98 99 100 101 102 103 104 105 106 # 108 109 110 111 112 # # 115 116 117 118 119 120 121 122 123 124 125 126 127 128 129 130 131 130 129 128 129 128 # 124 123 122 121 120 119 118 117 118 119 120 # 112 111 # # 108 107 # 105 # 103 102 
103 # # # 107 # 109 # # 112 113 114 115 116 117 # 119 # 121 122 123 124 125 126 127 128 129 130 131 130 129 128 127 126 125 124 123 122 121 120 119 118 # 116 # 114 115 # 111 110 109 108 107 106 105 104 103 102 101 100 99 98 97 96 95 94 95 # 97 98 99 100 101 102 103 # 105 106 107 108 # 110 111 112 113 114 115 116 117 118 119 120 121 122 123 124 125 # # 130 129 130 # 130 129 # 127 126 125 # 123 122 # 120 119 # 119 # # # 113 112 113 112 # 108 107 106 105 104 103 
104 105 106 107 108 # 110 # 114 113 114 115 116 117 118 119 120 121 122 123 124 125 126 127 128 129 130 131 130 129 128 127 126 125 124 123 122 121 120 119 118 117 116 115 114 113 # 111 110 109 108 107 106 105 104 103 102 101 100 99 # 97 96 95 94 93 94 # 96 97 98 99 100 101 102 103 104 105 106 107 108 109 110 111 112 113 114 115 116 117 118 119 120 121 122 123 # 131 130 129 128 129 130 131 130 129 128 127 126 125 124 123 122 121 120 119 118 117 116 115 114 113 112 111 110 109 108 107 106 105 104 
105 106 107 108 109 110 111 112 113 114 115 116 117 118 119 120 121 122 # 124 125 126 127 128 129 130 131 130 129 128 127 126 125 124 # # 121 120 119 118 117 116 115 114 113 112 111 110 109 108 107 106 105 # 103 102 101 100 99 98 97 96 95 94 93 92 93 94 95 96 97 98 99 100 101 102 103 104 105 # 107 108 109 110 111 112 113 114 115 116 117 118 119 120 121 122 123 # 129 128 127 128 129 130 131 # 129 128 # # 125 # 123 122 # # 119 118 117 116 115 # 113 112 # 110 109 108 107 106 105 
106 107 108 109 110 111 112 113 114 115 116 # 118 119 120 121 122 123 124 125 126 # 128 # 130 131 130 # 128 127 126 127 # 123 122 121 120 119 118 117 116 115 114 113 112 111 110 109 108 107 106 105 104 103 102 101 # 99 98 97 96 95 94 93 92 91 # 93 94 95 96 97 98 99 100 101 102 103 104 # 106 # 108 109 110 # 112 113 114 115 116 117 118 119 120 121 122 123 # # 126 127 128 129 130 131 130 129 128 127 126 127 # 123 122 121 120 119 118 117 116 115 114 113 112 111 110 109 108 107 106 
107 108 109 110 111 # 113 114 115 116 117 118 119 120 # 122 123 124 125 126 127 128 129 130 131 130 129 128 # 126 125 # 123 122 121 120 119 118 117 116 115 114 113 112 111 110 109 108 107 106 # 104 103 # 101 100 99 100 99 98 # 94 93 92 # 90 # 92 93 94 95 96 97 98 # 100 101 102 103 104 105 106 107 108 109 110 111 112 113 114 115 116 117 118 119 120 # 122 123 124 125 126 127 128 129 130 131 130 129 128 127 126 125 124 123 122 121 120 119 118 117 116 115 114 113 112 111 110 109 108 107 
108 109 110 111 112 113 114 115 116 117 118 119 120 121 122 123 124 125 # 127 # 129 130 131 130 129 128 127 126 125 124 123 122 121 120 # # 117 116 115 114 113 112 111 110 109 108 # 106 105 104 103 102 101 100 99 98 99 # # 94 93 92 91 90 89 90 91 92 93 94 95 96 97 98 99 100 101 102 103 104 105 106 107 108 109 110 111 112 113 114 115 116 117 118 119 # 121 # 123 124 125 126 127 128 129 130 131 130 129 128 # 126 # 124 123 122 121 120 # 118 117 116 115 114 113 112 111 # 109 108 
109 110 111 112 113 # 115 # 117 # # 120 121 122 123 # 125 126 127 128 129 130 131 130 129 128 127 126 125 124 # 122 121 120 119 118 117 116 115 114 113 112 111 110 109 108 107 106 105 104 103 102 101 100 99 98 97 # 95 94 93 92 91 90 # 88 89 90 91 # 93 94 95 # 99 98 99 100 101 102 103 104 105 106 107 108 109 110 111 112 113 114 115 116 117 118 119 120 121 122 123 124 125 126 127 128 129 130 131 130 129 # 127 126 125 # 123 122 # 122 # 118 117 116 115 114 # 112 111 110 109 
110 111 112 113 # 117 # 119 118 119 120 121 122 123 124 125 # # 128 129 130 131 130 129 128 127 126 125 124 123 122 121 120 119 118 117 116 115 114 # 112 111 110 109 108 107 106 105 104 103 102 101 100 99 98 97 96 95 94 93 92 91 90 89 88 87 88 # 90 91 92 93 94 95 # 97 98 99 100 101 102 103 # 105 106 107 108 109 110 111 112 # 114 # 116 # 118 119 # 123 122 # 124 125 126 127 128 129 130 # 130 129 128 127 # 125 124 # 122 121 120 119 118 117 # 115 114 113 # 111 110 
111 112 113 114 115 116 117 118 119 120 121 122 # 124 125 126 127 128 129 130 # 130 129 128 127 126 125 124 123 122 121 120 119 120 # 116 115 114 113 112 111 # 109 108 107 106 105 104 103 102 101 100 99 98 97 96 97 # 93 92 91 90 89 90 # 86 # # 89 90 91 92 93 # 95 96 # 98 99 100 101 102 103 104 105 106 107 108 109 110 111 112 113 114 115 116 117 118 119 # 121 122 123 124 # 128 127 128 129 130 # 130 129 128 127 126 125 124 123 122 121 120 # 118 119 # # 114 113 112 111 
112 113 114 # 116 117 118 # 120 121 122 123 # 125 126 # 128 129 130 # # 129 128 127 126 125 124 123 # 121 120 119 118 119 # 115 114 113 112 111 110 109 108 107 106 105 104 103 102 101 100 99 98 97 96 95 # # 92 91 90 89 88 # 86 85 86 87 88 89 90 91 92 93 94 95 96 97 # 99 100 101 102 103 104 105 106 107 108 109 110 111 # 113 114 115 # 119 118 119 120 # 124 123 # # 126 # 128 129 130 131 # 129 128 127 126 125 124 123 122 # # # 120 119 # 115 114 113 112 
113 114 115 116 117 # 119 120 121 122 123 124 125 126 127 128 129 130 131 130 # 128 127 126 125 # 123 122 121 120 119 118 117 # 115 114 113 112 111 110 109 108 107 106 105 104 103 102 101 100 99 98 97 96 95 94 93 92 91 90 # 88 87 86 85 84 85 86 87 88 89 90 91 92 93 94 95 96 97 98 99 100 101 102 103 104 105 # 109 110 # # 111 112 113 114 115 # 117 118 119 # # 122 123 124 125 126 127 128 129 130 131 130 129 128 127 126 125 # # 122 121 120 119 118 117 116 115 114 113 
114 115 116 # 118 119 120 121 122 123 124 125 # 127 128 # 130 # 130 129 128 127 126 125 124 123 122 121 120 119 # # 116 115 114 113 112 111 110 109 108 107 106 105 # 103 102 101 100 99 98 97 96 95 # # # 91 90 89 88 # 86 # 84 83 84 85 86 # 88 89 90 91 # 93 94 95 96 97 98 99 100 101 102 103 104 105 # # 108 109 110 111 112 113 114 115 116 117 118 119 120 121 122 123 # 125 126 127 128 129 130 131 # 129 128 # # 125 124 123 122 121 120 119 # 117 # 115 114 
115 116 117 118 119 120 121 122 123 124 125 # 129 128 129 130 131 130 129 128 127 # 125 124 # 122 121 120 119 118 117 116 115 114 113 112 # 110 109 108 107 106 105 104 103 102 101 100 99 98 97 96 95 94 93 92 # 90 89 88 87 86 85 # 83 82 83 84 85 # 87 88 89 90 91 92 93 94 95 96 97 98 99 100 101 102 103 104 105 106 107 # 109 110 111 112 113 114 115 116 117 118 119 # 121 122 123 124 125 # 127 128 129 130 131 130 129 128 127 126 125 124 123 122 121 120 119 118 117 116 115 
116 117 118 # 120 121 # 123 124 125 # # 130 129 130 131 130 129 128 127 126 125 124 123 122 121 120 # 118 117 116 115 114 113 112 111 110 109 108 107 106 105 104 103 102 101 # 99 98 97 96 95 94 93 92 91 90 89 88 89 # # 84 83 82 81 82 83 # # 86 87 88 89 90 91 92 93 94 95 96 97 98 99 100 # 102 103 104 # 106 107 108 109 110 111 112 113 114 115 116 117 # 119 120 121 122 123 124 125 126 127 # 131 130 # 130 129 128 # 126 125 124 123 122 121 120 # 118 117 116 
117 118 119 120 121 122 # 124 125 126 127 128 129 130 131 130 129 128 # 126 125 124 123 122 121 120 119 118 117 116 115 # # 114 # 110 # 108 107 106 # 104 103 102 101 100 99 98 97 96 95 94 93 92 91 90 # 88 87 # 85 84 83 82 81 80 # # 83 84 85 86 87 88 89 90 91 92 93 94 95 96 97 98 99 100 101 102 103 104 105 106 107 108 109 # 111 112 113 # 115 116 # 118 # 120 121 122 123 124 125 126 # 130 129 130 131 130 # 128 127 126 125 124 123 122 121 122 # # 117 
118 119 120 121 122 123 124 125 126 127 128 # 130 # 130 129 # 127 126 125 124 123 122 121 120 119 118 117 116 115 114 113 112 # 110 109 108 107 106 105 104 # 102 101 100 99 98 97 # 95 94 93 92 91 90 89 88 87 86 85 84 # 82 81 # 79 80 81 82 83 # 85 86 87 88 89 90 91 92 93 94 95 96 97 98 99 # 101 102 103 104 # 106 107 108 109 110 111 112 # 114 # 116 117 # 119 # 121 122 123 124 125 126 # 128 129 130 131 # 129 128 127 126 125 124 123 122 121 120 119 118 
119 120 121 # 123 124 125 126 127 128 129 130 131 130 129 128 127 126 125 124 123 122 121 120 119 118 117 116 115 114 113 112 111 110 109 108 107 106 105 104 103 102 101 100 99 98 97 96 95 94 93 92 91 90 89 88 87 86 85 84 83 82 81 80 79 78 # 80 81 82 83 84 85 86 87 88 89 90 91 92 93 94 95 # 97 98 99 100 101 # 103 104 105 106 107 108 109 110 111 112 113 114 115 116 117 118 119 120 121 122 123 124 125 126 127 128 129 130 131 130 129 128 127 126 125 124 123 122 121 120 119 
120 121 122 123 124 125 126 127 128 129 130 131 130 129 128 127 126 # # 123 122 121 120 119 118 117 116 115 114 113 112 111 110 109 108 107 106 105 104 103 # 101 # 99 98 97 96 # 94 93 92 91 90 89 88 87 86 85 84 83 82 81 # 79 78 77 78 79 80 81 82 83 84 85 86 87 88 89 90 91 92 93 94 95 96 97 98 99 100 101 102 103 104 105 106 107 108 109 110 # 112 113 114 115 116 117 118 119 120 121 122 123 124 125 # 127 # 129 130 131 130 129 128 127 126 125 124 123 122 121 120 
121 122 123 124 125 126 127 128 129 130 131 130 129 # # 126 125 124 123 122 121 120 119 118 117 116 115 116 # 112 111 # # 108 107 106 105 104 103 102 101 100 99 98 97 96 95 94 93 92 91 # 89 88 87 86 85 84 83 82 81 80 79 78 77 76 # 78 79 80 81 82 83 84 85 86 87 88 89 # 91 92 93 94 95 96 97 98 99 100 101 102 103 104 105 106 107 # 109 110 111 112 113 114 115 116 117 118 119 120 121 122 123 124 125 126 127 128 129 130 131 130 # 128 # 126 125 124 123 122 121 
122 123 124 125 126 127 128 129 130 131 130 129 128 127 126 125 124 123 122 121 120 119 118 117 116 115 114 # 112 111 110 109 108 # 106 105 # 103 102 # # 99 98 97 96 95 # # 92 91 90 89 88 87 86 85 84 83 82 81 # 79 78 # 76 75 76 77 78 79 80 81 82 83 84 85 86 87 88 89 90 91 92 93 94 95 96 # 100 101 100 101 102 # 106 105 # 107 108 109 110 111 # 113 114 # 116 117 118 119 120 # 124 123 124 125 126 127 128 129 # 131 130 129 130 # 126 125 124 123 122 
123 124 125 126 127 128 129 130 131 130 # 128 127 126 125 124 123 122 121 120 119 118 117 116 115 114 113 112 # 110 109 108 107 106 105 104 103 # 101 100 99 98 97 96 95 94 93 92 91 90 89 88 87 86 85 84 83 82 81 80 79 78 77 76 75 74 75 76 77 78 79 80 81 82 83 84 85 # 87 # 89 90 91 # 93 94 # # # 100 99 100 # # # 104 # 106 107 108 109 110 111 112 113 114 115 116 # 120 119 120 # 122 123 124 125 126 127 128 129 130 131 130 129 128 127 126 125 124 123 
124 125 # 127 128 129 130 # 130 129 128 127 126 125 124 123 122 # 120 119 118 117 # 115 114 113 112 111 110 109 110 109 # 105 104 103 102 # 100 99 98 97 96 # 94 93 92 91 90 89 88 87 86 85 84 83 82 81 80 79 78 77 76 # 74 73 74 75 76 77 78 79 80 81 82 83 # 87 86 87 88 # 90 91 92 93 94 95 96 # 98 99 100 # 104 103 104 105 106 107 # 109 110 111 112 113 114 # 116 # 118 119 120 121 122 123 124 125 126 127 # # 130 131 # 129 128 127 126 125 124 
125 126 127 # 129 130 131 130 129 128 127 126 125 124 123 122 121 120 119 118 117 116 115 114 113 112 111 110 # 108 109 # 105 104 103 102 101 100 99 98 97 96 95 # 93 92 91 # # 88 87 86 85 84 83 82 81 80 79 78 77 76 75 74 73 72 73 74 75 76 77 78 79 80 81 # # # 85 86 87 88 89 90 91 92 93 94 95 96 97 98 99 100 # 102 # 104 105 106 107 108 109 110 # 112 113 114 115 116 117 118 119 120 121 122 123 124 125 126 127 128 129 # 131 130 129 128 127 126 125 
126 127 128 129 130 131 132 # 128 # 126 125 124 123 122 121 120 119 118 117 116 115 # 113 112 111 110 109 108 107 # 105 104 103 102 101 # 99 98 97 96 95 94 93 92 91 90 89 88 87 86 85 84 83 82 81 80 79 78 77 76 75 74 73 72 71 # 73 74 75 76 77 78 79 80 81 # 83 84 85 86 87 88 # 90 91 92 93 94 95 96 97 98 99 100 101 102 103 104 105 106 107 108 109 110 111 # 113 114 115 116 117 118 119 120 # 122 123 124 # 128 129 128 129 130 131 130 # 128 127 126 
127 # 129 # 131 130 # 128 127 126 125 124 123 122 121 120 119 118 117 116 115 114 113 112 111 110 109 108 107 106 105 104 # 102 101 100 99 98 97 96 95 94 93 # 91 90 89 88 87 86 85 84 83 82 81 80 79 78 77 76 75 74 73 72 71 70 71 72 73 74 75 76 77 78 79 80 81 82 83 84 85 86 # 90 89 90 91 92 93 94 95 96 97 98 # 100 101 # 103 104 105 106 107 108 109 110 111 112 113 114 115 116 117 # 119 120 121 122 123 124 # # 127 128 129 130 131 130 129 128 127 
128 129 130 # 130 129 128 127 126 125 124 123 122 121 120 119 118 117 # 115 114 113 112 111 110 # 108 # # 105 104 103 102 # # 99 # 97 96 97 # 93 92 91 90 89 88 87 86 85 84 # # 81 80 79 78 77 76 75 74 73 72 71 70 69 70 71 72 73 74 75 76 77 78 79 80 81 82 83 84 # 86 # 88 # 90 91 92 93 94 95 96 97 # 99 # 101 102 103 104 105 106 107 108 # 112 113 114 113 # # 118 117 118 119 120 121 122 123 124 125 126 127 128 # 130 131 130 129 128 
129 130 131 130 129 128 127 126 125 124 123 122 121 120 119 118 117 116 115 114 # 112 111 110 109 108 107 106 105 104 103 102 101 100 99 98 # 96 95 # 93 92 91 90 89 88 87 86 # 84 83 82 81 80 79 78 77 76 75 74 73 72 71 70 69 68 69 70 71 72 73 74 75 76 77 78 79 80 81 82 83 84 85 86 87 88 89 90 91 92 93 94 # # 97 98 99 100 101 102 103 104 105 106 # 108 # 114 113 112 113 114 # 116 117 118 119 # 121 # 123 124 125 # 127 128 129 130 131 130 129 
130 131 130 129 128 127 126 125 124 123 122 121 120 119 118 117 116 115 114 113 112 111 110 # 108 107 106 105 104 103 102 101 # # 98 97 96 95 94 93 92 91 90 89 88 87 86 85 # 83 82 81 80 79 78 77 76 # 74 73 72 71 70 69 68 67 68 69 70 71 72 73 74 75 76 77 78 79 # 81 82 83 84 85 86 87 # 89 90 91 # 93 94 95 96 # 98 99 100 101 102 103 104 105 106 107 108 # # 111 112 113 114 115 116 117 118 # 120 121 122 123 # 125 126 127 128 129 # 131 130 
131 130 129 128 127 126 125 124 123 122 121 120 119 118 117 116 115 114 113 112 111 110 109 108 107 106 105 104 103 102 101 100 99 98 97 96 95 94 93 92 91 90 89 88 87 86 85 84 83 82 81 80 79 78 77 76 75 74 73 72 71 70 69 68 67 66 67 68 69 70 71 72 73 74 75 76 77 78 79 80 81 82 83 84 85 86 87 88 89 90 91 92 93 94 95 96 97 98 99 100 101 102 103 104 105 106 107 108 109 110 111 112 113 114 115 116 117 118 119 120 121 122 123 124 125 126 127 128 129 130 131 
